120115C5MCtM045C23   30 Dec 2014
3986
5
0000
0
0
0
0
0
0
0
0
0
0
0
0
0
0
0
0
0
0
0
0
0
0
0
0
0
0
0
0
0
0
0
0
0
0
0
0
0
0
0
0
0
0
0
0
0
0
0
0
0
0
0
0
0
0
0
0
0
0
0
0
0
0
0
0
0
0
0
0
0
0
0
0
0
0
0
0
0
0
0
0
0
0
0
0
0
0
0
0
0
0
0
0
0
0
0
0
0
0
0
0
0
0
0
0
0
0
0
0
0
0
0
0
0
0
0
0
0
0
0
0
0
0
0
0
0
0
0
0
0
0
0
0
0
0
0
0
13
2
11
12
3
10
10
7
5
0
7
19
7
6
13
2
13
0
0
2
0
0
48
0
0
0
0
0
3
21
15
16
1
0
0
1
0
0
0
0
0
0
0
0
4
9
0
0
0
0
2
6
0
0
0
7
0
0
0
0
11
0
0
63
0
0
28
0
0
0
3
0
2
0
0
12
0
1
1
0
0
5
1
0
0
16
0
14
0
0
3
0
48
7
12
13
52
23
13
17
16
34
7
17
14
50
27
32
27
33
32
24
24
23
0
0
0
0
0
0
0
0
0
0
0
0
0
0
0
0
0
0
0
0
0
0
0
0
0
0
0
0
0
0
0
0
0
0
0
0
4
0
2
0
0
0
0
0
0
0
0
0
0
2
11
0
0
0
0
0
0
0
0
0
0
0
0
0
0
0
0
0
0
0
0
0
0
0
0
0
0
0
0
0
0
0
0
0
0
0
0
0
0
0
0
0
0
0
0
0
7
0
46
2
2
2
1
27
2
0
0
26
0
0
0
0
0
0
0
0
0
0
0
7
13
15
21
22
26
19
19
0
0
0
0
0
0
0
0
0
0
1
0
0
0
0
0
0
0
0
0
0
0
0
0
0
0
0
0
0
0
0
0
7
0
0
0
0
0
0
0
0
0
0
0
0
2
0
0
0
0
0
0
0
0
0
0
0
0
0
14
0
0
0
1
0
3
4
0
0
0
10
4
0
0
7
0
0
2
0
0
0
1
49
0
0
0
0
0
0
0
0
0
3
3
10
0
14
0
0
0
0
0
1
0
0
0
2
19
2
0
3
0
0
11
1
0
3
0
4
0
0
0
0
2
0
5
0
0
0
0
0
0
0
0
0
0
0
0
0
0
0
1
0
0
0
0
0
6
9
1
8
2
16
22
21
13
33
17
21
27
30
31
28
11
1
1
1
1
0
0
10
3
0
0
0
0
7
0
0
0
0
0
0
0
0
0
0
0
0
0
0
0
0
0
0
0
12
1
2
7
1
0
1
0
1
0
0
19
1
0
4
1
101
36
15
61
0
0
0
14
0
1
0
2
4
25
18
9
12
9
11
15
11
6
3
0
3
0
0
0
0
0
0
0
0
0
0
0
0
0
0
0
0
0
0
0
0
0
0
0
0
4
6
5
26
2
2
1
5
5
1
0
8
0
0
0
0
0
0
0
0
0
0
0
0
0
0
0
0
0
0
0
0
0
1
8
13
0
0
0
2
4
11
0
0
0
0
0
0
0
0
0
0
0
0
0
0
0
0
0
0
0
0
0
0
0
0
0
0
5
0
1
0
0
2
8
11
3
1
10
13
0
0
0
0
0
0
0
0
0
4
0
0
0
0
0
0
0
0
0
0
0
0
0
0
0
0
0
0
0
0
0
5
0
0
0
3
5
0
1
0
0
10
0
0
0
1
6
0
0
13
2
4
0
1
0
0
0
0
0
0
5
0
0
0
0
0
0
0
1
0
0
0
0
4
0
0
0
0
0
6
0
0
2
0
73
4
0
0
0
0
0
0
0
5
0
0
0
1
5
17
20
15
26
13
22
14
12
8
25
22
0
0
0
1
0
0
0
0
0
0
0
3
15
6
0
0
0
0
3
3
0
2
11
23
0
0
0
0
4
0
1
0
20
6
0
1
0
0
0
0
0
8
0
0
7
13
7
41
0
0
0
0
0
0
0
0
0
34
6
0
0
0
0
0
0
0
0
0
0
0
0
0
0
0
0
0
0
0
0
0
1
7
17
20
9
15
10
13
0
0
0
0
0
0
0
0
0
0
0
0
0
0
0
15
15
12
9
9
2
0
0
0
0
0
0
0
0
0
0
0
0
0
0
0
0
0
0
0
0
0
0
0
0
1
0
0
0
0
0
0
14
0
0
0
0
0
0
0
0
0
0
0
2
4
11
0
0
30
0
0
0
0
0
0
0
0
0
0
0
0
0
0
0
0
0
0
0
0
0
0
0
0
0
0
0
0
0
0
0
0
0
0
0
0
0
0
0
0
0
0
0
0
0
0
0
0
0
0
0
0
0
4
48
48
0
0
0
0
0
0
0
0
0
0
0
0
0
0
0
0
0
0
0
0
0
0
19
11
0
0
0
0
1
1
4
0
0
0
0
0
0
0
0
0
71
1
0
0
0
0
0
0
7
0
7
59
0
2
0
4
3
32
6
3
6
9
11
20
17
40
24
8
3
0
0
0
0
0
0
0
0
0
0
0
0
0
0
0
0
0
0
0
0
0
0
0
0
0
0
0
0
0
0
0
0
0
0
0
0
0
0
0
0
0
0
0
0
0
0
0
0
0
0
0
0
0
0
0
16
8
0
0
0
0
0
0
0
0
0
0
0
0
0
0
0
0
0
0
0
0
0
0
0
1
8
19
36
0
4
0
0
0
0
0
0
0
0
0
0
0
0
0
0
0
12
0
0
0
0
11
2
0
18
11
20
23
10
6
14
0
1
1
0
0
0
0
0
0
0
0
0
8
13
0
5
0
0
0
0
0
0
0
13
0
0
4
0
0
8
3
23
0
0
0
0
0
5
9
29
0
0
0
0
0
0
0
0
0
0
0
3
0
0
0
0
0
0
0
0
0
0
13
20
65
40
1
2
1
0
0
0
1
0
0
1
26
20
0
0
0
0
0
0
0
0
0
0
0
0
0
0
0
0
0
0
0
0
0
0
0
0
0
0
0
0
0
0
0
0
0
0
0
0
0
0
0
0
1
1
9
1
6
24
2
1
1
3
0
1
1
0
1
4
0
7
0
0
0
0
0
0
0
0
0
2
12
5
2
0
0
0
0
1
6
0
0
0
0
0
0
0
1
8
31
0
0
0
0
0
1
2
8
2
0
0
1
2
15
0
3
0
0
0
0
0
1
2
0
0
0
0
0
0
3
17
3
0
0
0
0
0
0
0
0
0
0
0
10
12
23
19
0
0
0
0
0
0
0
0
0
0
0
0
0
0
0
0
0
0
5
0
4
2
1
0
3
0
3
5
0
0
0
0
0
0
0
0
2
7
14
60
0
0
0
0
0
0
0
3
6
4
8
0
3
0
7
1
0
0
4
10
0
0
0
0
0
0
0
0
0
7
13
0
0
0
0
12
5
57
8
5
0
1
0
7
9
15
16
46
32
44
10
7
4
0
0
0
0
0
0
0
0
0
0
0
0
0
0
0
0
0
0
0
0
0
0
0
0
0
0
0
0
0
0
0
0
0
0
0
0
0
0
0
7
0
0
0
0
0
0
3
27
23
23
16
16
13
75
0
0
0
0
0
0
0
0
0
0
0
0
0
0
0
0
0
0
0
25
16
1
0
0
0
0
0
0
2
2
0
8
26
1
1
1
1
1
1
0
1
2
7
19
16
18
14
25
10
0
0
0
1
0
0
0
0
1
0
0
0
7
43
0
0
0
0
0
0
1
0
0
0
0
0
0
0
14
79
11
0
0
0
0
0
0
0
2
6
66
73
9
20
17
28
7
0
0
0
0
0
0
0
8
7
9
1
0
0
0
0
0
0
0
0
0
15
2
0
1
0
1
0
4
1
0
0
0
11
18
12
0
4
73
0
0
0
0
4
6
45
45
11
2
0
0
1
0
4
7
0
0
0
0
0
0
0
0
0
0
0
0
0
0
2
4
0
0
0
0
0
0
0
12
6
0
0
0
0
0
0
2
9
5
0
0
0
0
0
0
0
0
0
0
0
4
3
24
114
1
0
0
0
2
1
0
6
2
0
0
0
0
0
0
0
0
0
0
0
0
0
0
1
0
73
18
0
2
0
1
0
2
5
0
0
0
0
0
1
0
12
0
44
0
0
0
0
0
5
22
20
33
11
13
17
17
10
34
0
0
0
0
0
0
0
0
0
0
0
0
0
0
0
0
0
0
0
0
0
0
0
0
0
0
0
0
0
0
0
0
0
0
0
0
0
0
0
0
0
0
0
0
0
1
0
2
5
0
0
7
45
15
119
40
23
31
8
5
3
3
0
0
0
0
0
0
0
0
0
0
0
0
0
0
0
0
0
0
0
0
1
0
12
51
0
0
0
0
0
0
0
31
44
1
0
1
9
2
0
0
0
0
0
0
0
11
9
7
3
0
2
3
0
0
0
0
13
26
14
11
9
1
0
1
0
0
2
0
1
3
0
4
0
3
0
2
0
0
0
0
0
0
0
0
0
0
4
10
0
8
9
11
4
13
9
0
0
0
0
0
0
0
0
0
0
0
0
0
0
0
0
0
0
0
0
0
1
1
18
31
16
0
0
0
1
7
20
11
2
0
2
0
1
2
0
0
0
0
1
4
7
0
0
0
0
0
0
0
0
0
0
0
0
0
12
13
5
0
0
0
0
0
0
0
0
0
0
0
0
0
0
0
14
12
7
8
0
0
0
0
0
0
0
0
0
0
0
0
0
14
41
5
0
5
0
0
0
0
0
0
0
108
112
1
1
0
0
1
0
0
0
0
0
8
7
25
7
0
0
0
0
0
0
0
0
0
0
3
4
1
3
2
0
1
0
1
4
15
45
39
1
0
1
0
1
0
0
0
0
0
0
0
0
0
0
0
6
19
15
43
29
16
18
25
2
29
10
0
0
0
0
2
0
0
0
0
4
101
2
0
0
0
0
0
0
0
0
11
0
8
7
0
0
0
0
0
0
0
13
30
32
92
48
31
8
15
3
1
0
2
0
0
3
0
0
0
2
0
0
9
0
2
0
0
0
0
0
0
0
0
0
0
0
0
60
35
37
70
38
11
2
18
0
0
0
0
0
0
0
0
0
0
0
2
0
17
0
0
0
0
0
0
0
0
3
14
0
0
0
1
2
3
10
0
23
14
0
0
0
3
1
1
0
0
0
1
8
7
25
15
14
30
8
30
23
0
2
0
0
1
0
5
45
0
0
0
0
0
0
0
0
0
0
18
0
65
11
1
1
3
0
0
0
0
0
0
1
1
0
0
0
0
0
0
0
0
8
1
0
0
13
28
63
1
0
2
0
1
0
0
2
0
0
0
0
6
0
0
0
0
0
0
0
0
0
0
0
0
9
0
30
6
0
0
0
0
0
0
0
0
0
0
0
0
0
2
14
10
9
1
0
0
0
0
0
0
0
0
0
0
0
0
0
0
1
35
8
15
17
4
0
0
0
0
0
0
0
0
2
0
0
0
0
0
0
0
0
0
0
0
0
0
0
0
0
0
0
0
0
0
37
3
3
1
1
1
0
1
75
131
12
1
1
0
0
0
1
0
2
0
0
6
4
30
21
20
33
27
20
47
28
37
0
0
0
1
0
0
1
0
0
0
6
21
0
0
1
0
0
0
2
1
101
53
24
19
15
17
52
27
10
0
0
0
0
0
0
0
0
0
0
0
0
0
0
0
0
0
0
0
0
0
0
0
8
0
0
0
0
0
0
0
0
0
0
15
24
27
47
23
15
7
15
36
5
6
0
0
0
0
0
0
0
0
0
0
0
0
0
0
0
0
0
0
2
4
28
9
1
0
1
0
0
3
0
1
8
0
0
3
0
0
0
0
0
0
0
0
0
0
0
0
1
2
2
18
27
42
0
0
0
0
0
0
0
6
13
0
0
0
9
2
23
13
3
2
0
4
0
0
0
0
5
2
2
4
0
0
0
0
0
0
0
0
0
0
49
20
0
0
0
1
0
1
0
0
0
0
0
0
0
3
0
6
77
5
17
22
19
14
0
0
0
0
0
0
0
23
0
1
0
0
1
0
1
0
0
0
0
0
0
5
8
19
7
16
0
1
0
0
0
0
0
16
0
0
0
0
2
1
0
0
3
0
19
23
13
0
1
0
0
1
0
1
22
3
23
7
10
1
1
0
0
0
1
0
1
0
10
0
0
0
0
0
0
0
0
1
11
78
7
0
0
0
3
0
0
0
2
3
3
15
10
4
0
0
0
0
0
0
0
0
0
0
0
0
0
0
1
1
2
0
12
22
1
0
0
2
0
0
0
0
2
23
23
13
0
0
0
0
0
0
0
0
0
5
10
0
0
0
0
0
0
0
0
3
4
43
1
25
0
0
1
2
0
0
0
10
16
23
23
17
9
1
31
0
0
0
0
0
7
4
10
17
22
35
2
11
3
0
0
0
0
0
0
0
0
0
0
0
0
0
0
0
0
0
0
1
3
3
0
0
0
0
0
0
0
0
9
22
30
0
2
0
0
0
3
4
3
45
25
0
0
0
0
0
0
0
0
2
0
0
0
0
0
8
0
0
0
4
0
0
0
27
65
0
2
2
0
0
1
0
0
0
3
10
3
7
0
0
0
0
0
2
2
0
11
0
0
0
0
3
10
0
0
0
0
0
3
0
0
0
0
51
51
0
0
0
0
0
0
0
0
0
0
1
1
10
4
0
0
0
0
0
0
0
0
0
0
0
7
0
0
0
1
0
0
0
0
0
0
3
5
69
18
3
1
1
0
3
4
4
3
5
12
1
1
1
0
1
1
0
5
7
40
0
0
0
0
0
0
0
0
0
0
0
0
16
27
53
16
17
11
19
13
34
20
11
29
0
0
0
0
0
0
0
0
0
0
0
0
0
0
0
0
0
0
0
0
3
102
35
0
0
0
0
0
0
0
0
0
4
2
4
4
0
0
0
0
0
0
1
4
2
0
1
1
0
3
19
31
28
19
20
15
16
6
7
9
7
12
4
6
4
0
0
0
0
0
0
2
13
5
6
2
10
39
51
0
0
1
1
0
0
0
0
0
11
0
0
0
0
5
0
0
0
0
0
0
0
5
14
0
6
26
9
0
0
2
0
0
0
0
0
0
0
0
10
0
0
0
0
0
0
0
0
0
49
23
9
3
0
1
0
0
22
1
6
65
13
1
0
1
0
0
2
0
0
0
0
0
6
10
13
1
0
0
0
0
0
0
2
1
1
0
0
0
25
37
0
0
2
0
0
0
0
0
5
9
60
16
24
0
0
2
0
0
0
0
2
0
0
0
0
125
89
21
14
4
0
0
0
0
0
0
0
0
0
0
0
0
0
0
0
5
5
4
12
0
0
0
0
0
4
22
3
0
0
0
0
0
0
0
0
0
0
0
0
0
0
0
2
8
12
51
1
0
0
0
0
0
0
0
0
0
0
0
0
0
0
8
3
22
26
19
11
9
36
0
0
0
0
0
0
0
0
0
0
0
0
0
0
0
0
0
0
0
0
0
0
0
7
2
20
19
17
3
11
25
19
12
12
14
2
5
0
0
1
0
0
0
0
0
0
2
59
0
0
2
2
5
17
15
13
11
9
4
0
0
0
0
0
0
0
0
0
0
0
0
8
0
0
0
0
0
0
0
0
0
0
0
0
0
4
6
18
53
29
16
7
3
0
0
0
0
0
0
0
0
0
0
0
0
0
0
0
1
2
12
23
9
0
0
0
0
0
0
0
0
0
0
0
0
0
0
0
0
0
0
0
0
4
2
2
25
0
0
0
0
0
0
0
0
0
0
1
2
40
21
0
0
0
0
6
0
34
0
0
0
0
0
0
0
0
0
0
4
0
0
0
4
2
61
7
2
0
0
0
0
0
0
0
0
0
0
0
0
0
0
0
1
4
3
7
0
16
62
1
2
0
0
0
4
2
0
0
0
0
0
0
0
0
3
4
5
3
24
4
0
0
0
0
0
0
0
0
0
0
0
0
0
1
4
13
1
0
0
0
0
0
0
0
0
0
0
0
0
0
0
0
0
0
1
18
34
7
0
0
0
0
0
0
0
0
0
0
0
0
0
1
2
28
21
1
0
2
0
0
7
4
12
20
14
11
15
15
2
3
0
0
0
0
0
0
0
0
0
0
0
0
0
0
0
0
0
0
0
0
2
2
11
21
20
10
7
20
17
0
0
0
0
0
0
0
0
0
0
0
0
0
0
0
0
0
0
0
0
1
2
4
0
0
0
0
0
0
1
8
0
17
20
23
6
7
4
13
7
0
0
0
0
0
0
0
0
0
0
0
0
2
9
11
24
10
7
20
9
0
0
0
0
0
0
0
0
0
0
0
0
6
16
11
10
7
10
11
7
3
2
1
0
0
0
0
0
0
0
0
0
0
1
19
21
0
1
0
0
0
55
0
0
0
0
0
0
0
6
1
0
2
5
1
0
1
0
3
3
0
1
1
0
0
2
2
0
0
0
1
45
41
0
0
0
0
0
0
0
0
0
0
6
0
0
6
2
10
0
1
0
0
2
0
0
4
54
21
0
0
1
0
1
0
0
0
0
13
0
4
0
1
0
0
0
0
0
4
0
0
0
0
2
0
0
1
7
24
0
0
0
0
0
0
0
0
7
0
0
0
0
4
0
0
1
2
1
0
1
5
0
0
0
0
0
3
0
46
5
17
19
10
8
13
21
20
20
22
26
33
1
0
0
0
0
0
0
0
0
0
0
0
0
0
0
0
0
0
0
0
0
0
0
0
0
0
0
0
0
0
0
0
0
0
0
0
0
0
0
0
0
0
0
0
0
0
0
0
0
0
0
0
0
0
0
0
0
0
0
0
0
0
0
0
0
0
0
0
0
0
0
0
0
0
0
0
0
0
0
0
0
0
0
0
0
0
0
0
0
0
0
0
0
0
0
0
0
0
0
0
0
0
0
0
0
0
0
0
0
0
0
0
0
0
0
0
0
0
0
0
0
0
0
0
0
0
0
0
0
0
0
0
