120115C5MCtM044C03   30 Dec 2014
3986
5
0000
0
0
0
0
0
0
0
0
0
0
0
0
0
0
0
0
0
0
0
0
0
0
0
0
0
0
0
0
0
0
0
0
0
0
0
0
0
0
0
0
0
0
0
0
0
0
0
0
0
0
0
0
0
0
0
0
0
0
0
0
0
0
0
0
0
0
0
0
0
0
0
0
0
0
0
0
0
0
0
0
0
0
0
0
0
0
0
0
0
0
0
0
0
0
0
0
0
0
0
0
0
0
0
0
0
0
0
0
0
0
0
0
0
0
0
0
0
0
0
0
0
0
0
0
0
0
0
0
0
0
0
0
0
0
0
0
0
0
0
0
0
0
0
0
0
0
0
0
0
0
0
0
0
0
0
0
0
0
0
0
0
0
0
0
0
13
24
4
0
0
0
0
0
0
0
0
0
0
0
0
0
0
0
0
0
0
0
0
0
0
0
0
0
0
0
0
0
0
10
0
0
0
0
0
0
0
11
6
0
0
0
0
0
0
0
0
3
9
9
5
16
2
0
14
2
7
9
10
7
6
7
9
14
6
3
21
12
8
13
17
8
23
48
40
36
34
20
15
1
0
0
0
0
0
0
0
0
0
0
0
0
33
27
11
0
0
0
0
0
0
0
0
0
0
0
0
0
0
0
0
0
0
0
0
0
0
0
2
0
0
0
0
0
0
0
0
9
0
0
0
35
23
0
0
0
0
0
0
0
0
0
0
0
0
0
0
0
0
0
0
0
0
0
0
0
0
0
0
0
39
24
7
1
0
1
0
23
0
18
1
0
0
0
1
0
5
0
0
0
0
3
0
0
0
0
0
0
30
25
13
0
0
0
0
0
0
10
25
2
0
0
0
0
0
26
13
0
0
10
15
9
11
8
0
0
10
19
17
13
21
14
11
10
7
6
6
8
6
0
8
10
3
10
8
1
3
2
5
1
5
9
0
6
7
0
2
6
10
0
2
1
1
0
3
7
1
0
0
0
0
0
0
1
0
0
0
0
0
0
0
0
0
0
0
0
0
0
0
0
0
0
0
0
0
0
3
0
0
0
0
0
1
1
2
0
0
6
6
4
0
0
0
3
0
0
0
35
8
0
2
2
0
0
4
0
0
0
0
0
9
1
1
0
0
0
0
11
2
0
2
0
8
0
0
3
5
9
6
0
0
0
0
14
3
0
5
7
6
0
12
4
0
3
8
7
10
6
9
9
24
28
29
29
20
17
10
23
6
0
0
0
0
0
0
0
0
0
0
0
0
0
0
0
0
0
0
0
0
0
0
0
0
0
0
0
0
0
0
0
0
0
0
0
0
3
24
0
0
0
1
1
1
0
0
1
5
4
0
4
5
0
0
0
4
28
0
0
0
0
0
0
0
0
0
0
0
0
17
17
1
0
1
16
0
0
0
0
0
0
7
11
0
0
0
0
0
0
0
0
0
0
0
6
11
0
0
0
0
0
0
0
0
0
0
0
0
0
0
0
0
0
5
11
3
0
0
0
0
0
7
13
2
5
0
0
14
4
0
10
4
0
0
0
16
79
24
48
8
12
6
5
4
5
8
3
4
4
0
5
5
18
5
2
0
1
1
2
7
0
0
0
0
0
1
2
2
1
0
0
0
0
1
41
4
0
0
0
0
0
0
8
0
0
0
0
0
0
0
0
0
0
0
0
0
0
0
14
13
0
1
2
9
0
0
0
0
0
0
0
0
0
0
0
0
0
0
0
0
3
6
0
0
0
0
0
0
0
0
0
0
0
0
0
1
1
0
0
2
0
0
3
0
0
0
8
5
10
5
4
9
0
0
0
3
3
3
4
0
0
4
0
0
1
0
0
2
0
0
7
2
4
4
2
4
47
6
20
20
17
26
10
8
4
11
8
2
7
7
6
0
0
0
0
0
0
0
0
0
0
0
0
0
0
0
0
0
0
0
0
0
0
0
0
0
0
0
0
0
0
0
0
0
0
0
0
0
0
0
0
0
0
0
0
0
0
0
0
0
0
0
0
0
0
2
10
1
1
0
0
11
21
7
1
0
0
0
0
0
0
32
0
0
0
0
0
0
0
0
0
0
0
0
13
9
7
0
1
5
0
9
0
0
0
0
0
0
0
0
0
0
0
0
6
8
3
0
0
0
0
0
10
5
5
0
0
0
0
0
0
0
0
0
0
0
0
0
13
0
0
10
3
17
7
8
9
3
4
8
0
3
5
7
4
1
2
2
1
4
0
2
0
1
1
0
17
4
3
1
2
8
0
2
0
0
2
1
0
4
0
0
0
0
0
0
0
0
14
1
0
0
0
0
0
0
0
0
0
0
0
0
0
0
0
0
0
8
14
20
0
17
21
0
4
12
0
0
0
0
0
0
0
0
0
0
0
0
0
0
0
0
0
0
0
0
0
60
21
0
0
0
0
0
0
0
0
15
1
0
0
0
1
39
16
5
0
11
1
0
7
0
0
2
3
0
2
0
0
1
0
0
0
0
4
6
2
39
2
82
5
1
4
4
11
0
6
22
20
32
12
4
3
0
7
0
1
4
0
0
0
0
0
0
0
0
0
0
0
0
0
0
0
0
0
0
0
0
0
0
0
0
0
0
0
0
0
0
0
0
0
0
0
8
4
0
3
0
0
0
0
0
0
0
0
0
0
7
19
5
19
0
0
0
0
0
0
0
0
0
0
17
20
0
19
1
0
0
0
0
0
0
0
7
54
0
0
0
0
0
19
7
13
0
0
0
0
6
5
1
0
0
0
0
0
38
0
0
0
0
8
3
3
5
2
0
0
0
0
0
0
5
13
6
4
6
0
0
0
0
0
0
0
7
11
4
2
1
7
0
0
0
13
1
0
0
0
0
0
0
0
2
8
16
0
0
0
0
10
5
36
2
0
1
2
0
0
24
6
0
0
1
0
0
0
2
9
2
37
2
0
0
2
6
5
0
0
0
1
7
9
7
0
0
0
0
0
0
0
0
0
0
0
0
0
1
0
9
5
1
0
0
0
2
5
0
0
0
0
1
0
0
0
3
0
0
0
0
0
11
0
7
17
35
10
0
0
3
1
0
96
1
129
1
12
4
11
7
4
0
2
1
1
7
0
3
5
2
0
1
2
0
2
7
5
3
6
1
1
12
4
7
1
1
3
0
4
2
7
0
5
3
2
3
2
4
2
0
2
5
3
1
2
2
1
5
5
4
0
2
2
0
6
2
1
0
2
2
7
2
0
0
0
0
0
0
0
0
0
0
0
0
0
0
0
0
0
0
0
0
0
0
0
0
0
0
0
0
0
0
0
0
0
0
0
0
0
0
0
0
0
0
0
0
0
0
0
0
0
0
0
0
0
2
3
0
0
1
0
0
0
0
0
0
6
20
0
0
9
18
5
0
0
0
0
0
12
17
0
0
0
0
0
0
0
0
28
0
0
0
0
1
15
16
0
0
0
8
0
0
0
6
2
0
0
0
0
1
0
3
97
81
0
0
0
0
1
0
2
14
0
13
0
0
2
0
5
1
1
0
0
4
1
1
0
0
0
0
0
8
2
2
3
3
0
0
0
0
0
0
0
0
0
7
8
7
0
0
33
1
0
0
1
2
0
1
4
1
0
1
0
0
0
0
0
0
0
0
0
0
0
0
0
0
0
1
6
16
1
0
0
0
0
0
8
17
38
4
20
3
0
0
0
6
7
3
0
0
0
4
3
24
1
0
5
0
0
0
0
0
0
0
0
0
0
3
3
16
8
11
0
3
0
2
4
21
15
3
1
0
1
14
1
6
7
17
17
4
2
7
1
1
5
4
2
15
33
5
1
6
4
5
2
2
0
1
0
0
0
0
0
3
2
1
3
7
5
4
4
5
5
4
3
0
32
2
0
0
0
0
0
0
0
0
0
0
0
0
0
0
0
0
0
0
0
0
0
0
0
0
0
0
0
0
0
0
0
0
0
0
0
0
0
0
0
0
0
0
0
0
0
0
0
0
0
0
1
2
0
0
31
11
4
0
2
3
0
0
0
0
0
0
0
0
2
0
0
0
0
0
0
25
2
0
2
0
0
0
0
0
0
1
27
0
12
9
11
0
0
0
0
0
0
0
13
125
2
1
13
8
0
2
5
5
0
0
0
0
0
0
0
0
4
0
0
0
0
0
0
17
5
0
0
0
0
0
0
0
0
0
0
4
0
0
7
4
1
0
0
0
0
0
0
0
0
0
0
0
0
0
1
0
0
0
0
33
0
0
0
0
0
0
0
0
45
15
1
0
2
0
3
10
4
0
1
13
28
0
5
6
6
0
0
0
0
0
0
0
0
0
0
0
0
0
24
48
132
16
0
0
0
0
1
15
16
3
2
0
2
10
6
0
4
6
0
0
0
8
0
0
1
2
0
1
7
4
1
6
1
0
4
15
9
4
8
0
4
1
0
7
3
0
5
0
7
0
4
1
1
2
0
0
0
0
0
0
0
0
0
0
0
6
86
8
2
6
8
3
17
5
3
1
3
0
20
0
0
0
0
0
0
0
0
0
0
0
0
0
0
0
3
151
16
0
0
0
0
0
0
0
0
0
0
0
0
0
0
0
0
0
0
0
0
0
0
0
0
0
0
0
0
0
0
0
0
0
0
0
0
0
0
0
1
43
25
0
7
27
34
0
0
25
13
0
0
0
0
0
0
0
0
0
0
0
0
0
0
0
0
0
0
0
0
0
0
0
0
0
0
0
0
0
0
0
0
0
0
0
0
0
0
0
0
0
0
61
2
0
14
11
0
0
0
0
0
2
9
0
0
0
10
2
0
0
0
0
0
0
0
0
0
0
5
0
0
0
0
0
0
5
13
0
0
0
0
0
0
0
4
0
0
0
5
0
0
0
0
0
0
0
0
0
0
0
0
0
0
0
0
0
0
0
0
0
0
0
4
0
0
0
0
19
6
5
1
0
0
0
0
0
0
0
0
0
0
0
2
0
0
0
0
3
0
0
5
0
0
0
0
0
0
0
0
0
0
0
0
0
0
0
11
0
7
3
0
0
0
0
0
0
0
0
0
0
0
0
13
32
0
4
74
117
24
3
16
0
0
0
0
7
0
0
0
2
6
5
0
0
0
0
13
3
0
5
8
1
2
19
4
1
1
5
0
2
2
5
19
3
17
0
0
0
6
4
6
2
0
2
0
1
0
0
0
0
0
0
0
0
0
0
87
51
4
4
2
0
2
0
0
0
0
10
0
0
0
0
0
0
0
0
0
0
0
0
0
0
0
0
0
0
0
0
0
0
0
0
0
0
14
86
0
4
0
2
0
0
0
0
0
0
0
0
0
0
0
0
0
0
0
3
1
114
11
13
15
0
0
0
0
0
0
0
0
0
0
0
0
0
0
0
0
0
0
0
0
0
0
0
0
0
0
0
0
0
0
0
0
0
0
0
0
0
0
0
0
0
0
0
0
1
3
0
160
1
2
3
2
0
0
0
0
0
0
0
9
2
2
0
3
20
3
7
1
0
0
0
19
9
0
0
0
0
0
0
0
0
0
0
0
0
0
0
0
0
0
0
0
0
0
0
0
0
0
0
0
0
1
30
0
0
0
0
0
0
0
0
0
0
0
0
3
0
47
51
11
6
0
9
23
5
0
0
2
5
1
14
0
0
6
0
0
0
0
0
0
0
0
0
0
0
0
34
0
1
0
11
4
0
7
0
0
2
5
0
0
0
7
1
0
0
0
0
0
0
0
0
0
0
42
1
12
2
0
5
1
0
2
2
2
2
0
0
0
9
9
0
8
5
2
6
3
0
1
40
12
0
4
5
5
6
0
5
1
0
6
0
0
0
0
0
0
0
0
0
0
0
3
0
7
2
0
10
7
0
0
8
2
8
24
0
0
3
0
0
0
0
0
0
0
0
0
3
0
0
7
26
11
0
11
1
0
0
0
0
0
0
13
25
0
4
18
21
182
60
0
0
0
0
0
0
0
0
0
0
0
0
0
0
0
0
0
39
19
0
3
0
12
1
0
0
0
0
0
0
0
0
0
0
0
1
3
1
89
0
0
2
0
0
0
0
0
0
0
0
0
0
0
0
0
0
8
3
0
0
0
0
1
5
29
13
0
1
0
0
13
0
0
0
0
0
0
0
0
0
0
0
0
0
0
0
0
0
10
5
0
0
0
0
0
0
0
0
0
9
0
0
0
0
0
0
0
0
14
20
18
12
7
4
0
0
0
8
23
2
0
0
4
0
0
0
0
2
18
0
0
0
0
0
0
6
8
1
0
0
0
0
0
0
0
0
0
0
0
0
0
0
0
0
1
8
61
0
0
0
0
10
19
0
0
0
10
8
0
0
0
0
0
24
0
0
0
11
0
0
0
0
0
0
0
0
0
0
0
0
0
0
0
25
3
41
11
1
0
11
8
0
14
14
0
0
0
0
0
0
0
0
0
0
0
7
0
9
14
20
8
1
10
31
0
2
52
5
8
4
0
11
2
1
20
2
0
0
0
107
0
0
20
4
0
0
0
4
12
0
0
0
0
0
3
0
0
0
0
0
0
0
0
0
0
0
0
0
0
0
0
0
0
1
0
71
85
5
2
0
0
0
0
0
0
0
0
0
0
2
115
0
1
2
1
0
13
2
0
0
0
0
5
3
0
10
0
8
80
0
0
46
113
0
0
0
13
72
0
0
0
0
0
0
17
0
0
0
0
0
0
0
0
0
0
0
0
0
0
0
0
0
0
0
0
0
0
40
0
1
0
2
14
2
0
0
0
0
0
0
0
5
0
0
0
0
0
0
0
0
0
0
0
0
0
0
0
0
0
0
0
0
0
0
0
0
0
0
0
0
0
0
0
0
0
0
0
0
0
0
0
0
0
0
0
0
13
0
0
0
0
0
0
0
0
4
3
0
0
0
0
85
18
1
1
2
7
6
0
0
0
12
0
0
0
5
30
3
0
0
0
0
0
14
1
0
0
0
0
0
0
0
0
0
10
7
0
4
26
6
0
3
2
0
0
20
0
0
0
0
0
0
0
0
0
0
0
0
0
0
0
0
0
0
6
3
3
9
0
4
7
10
0
0
5
3
0
0
0
0
13
35
2
9
5
0
0
0
0
0
0
2
0
0
0
0
0
0
3
0
4
0
0
0
0
0
0
0
0
0
0
0
0
0
0
1
4
0
8
0
0
0
0
11
21
0
0
0
0
0
0
0
9
5
0
15
0
0
1
0
0
0
0
0
0
0
0
0
0
0
0
0
0
0
0
2
0
0
0
0
0
0
0
0
0
0
0
0
0
0
0
0
0
10
3
0
0
0
0
0
0
0
0
0
0
7
1
0
0
0
0
0
0
0
0
0
0
0
0
0
0
0
0
5
132
17
0
0
15
41
0
4
9
1
0
0
0
0
0
0
0
0
1
0
0
0
0
0
0
0
0
0
0
0
0
0
0
0
106
2
1
0
4
3
0
0
0
0
0
0
0
0
0
0
0
0
0
2
12
0
0
0
0
0
0
0
0
0
0
0
0
1
0
0
0
0
9
0
0
33
0
0
0
2
0
0
1
0
0
9
4
49
0
0
0
0
0
1
0
1
0
19
12
9
1
0
4
0
0
8
16
0
0
0
0
1
0
0
0
1
21
0
0
0
0
23
10
2
0
0
1
0
0
0
0
0
0
0
0
0
0
5
3
0
0
0
0
0
0
0
0
0
0
14
0
0
0
0
0
0
0
11
0
0
1
1
0
0
9
0
0
0
8
6
0
0
0
0
0
0
0
0
0
0
4
0
0
0
0
0
0
0
0
0
0
0
0
0
0
0
8
0
0
0
13
0
0
0
0
0
0
0
0
0
0
0
0
0
0
0
0
0
0
0
1
22
0
0
0
0
0
0
0
0
0
0
0
0
0
0
0
0
0
0
0
0
0
0
0
0
2
132
109
13
1
1
0
1
16
138
0
0
0
14
7
4
0
0
0
0
0
16
11
1
0
0
2
0
0
0
0
0
0
0
0
0
0
0
0
0
0
0
1
3
0
0
0
0
0
0
6
3
0
0
0
0
0
0
0
0
6
1
1
1
32
6
0
0
0
5
0
0
0
0
0
0
0
0
0
0
0
0
0
0
0
0
0
0
0
15
31
0
4
25
3
1
1
0
0
0
0
0
0
0
0
0
0
0
0
0
0
0
0
1
34
0
0
0
2
10
0
0
0
0
0
0
7
4
0
0
0
0
0
0
0
0
0
0
0
0
0
0
34
17
0
0
0
0
0
0
0
0
0
0
0
0
0
0
0
0
0
0
0
0
0
0
0
0
36
76
0
2
0
13
3
7
0
0
0
0
0
0
0
0
0
0
0
0
0
0
0
0
1
14
0
0
0
0
4
4
0
0
0
0
0
7
0
0
0
0
0
2
0
0
0
0
0
0
0
0
0
0
0
0
0
0
0
0
0
0
0
0
0
0
0
0
0
0
1
0
0
0
0
0
0
0
0
0
0
23
0
0
0
7
4
0
0
0
0
0
0
2
0
1
0
0
0
0
0
0
0
0
0
0
0
0
0
0
0
0
0
0
0
0
0
0
0
0
0
7
0
1
0
0
0
0
22
102
0
0
3
0
3
0
1
0
0
0
0
0
0
7
27
58
6
14
3
7
3
7
0
0
0
0
0
14
0
0
0
0
0
0
0
0
0
0
0
0
0
0
0
0
5
0
0
0
0
0
0
0
2
0
16
0
0
2
0
0
0
0
0
0
0
0
0
0
0
0
0
0
0
0
0
0
0
0
0
0
0
0
0
0
0
0
0
0
0
0
0
0
0
0
0
0
0
0
0
0
0
0
0
0
0
0
0
0
0
0
0
0
0
0
0
0
0
0
0
0
0
0
0
0
0
0
0
0
0
0
0
0
0
0
0
0
0
0
0
0
0
0
0
0
0
0
0
0
0
0
0
0
0
0
0
0
0
0
0
0
0
0
0
0
0
0
0
0
0
0
0
0
0
0
0
0
0
0
0
0
0
0
0
0
0
0
0
0
0
0
0
0
0
0
0
0
