120115C5MCtM044C28   30 Dec 2014
3986
5
0000
0
0
0
0
0
0
0
0
0
0
0
0
0
0
0
0
0
0
0
0
0
0
0
0
0
0
0
0
0
0
0
0
0
0
0
0
0
0
0
0
0
0
0
0
0
0
0
0
0
0
0
0
0
0
0
0
0
0
0
0
0
0
0
0
0
0
0
0
0
0
0
0
0
0
0
0
0
0
0
0
0
0
0
0
0
0
0
0
0
0
0
0
0
0
0
0
0
0
0
0
0
0
0
0
0
0
0
0
0
0
0
0
0
0
0
0
0
0
0
0
0
0
0
0
0
0
0
0
0
0
0
0
0
0
0
0
0
0
0
0
0
0
0
0
0
0
0
0
0
0
0
0
0
0
0
0
0
0
0
0
0
0
0
0
0
9
10
0
0
0
0
0
0
0
0
0
0
0
0
0
0
0
0
0
0
0
0
0
0
0
0
0
0
0
0
0
0
0
0
0
0
0
0
0
0
0
0
0
0
0
0
0
0
0
0
0
0
0
0
0
0
0
0
0
0
0
0
0
1
0
0
3
12
9
4
3
6
10
6
5
0
12
21
22
14
17
22
34
15
13
9
7
0
0
0
0
0
0
0
0
0
0
0
0
2
15
12
0
0
6
0
0
0
0
0
0
0
0
0
0
0
0
0
0
0
0
0
0
2
0
0
0
0
0
0
0
0
0
0
4
19
24
16
7
2
0
0
0
0
0
0
0
0
0
0
0
0
0
0
0
0
0
0
0
0
0
0
0
0
0
0
0
0
0
0
0
0
0
0
0
0
0
0
0
0
0
0
0
0
0
0
0
0
0
0
0
0
0
0
0
0
6
10
15
8
8
10
0
0
0
0
0
0
0
0
4
6
0
12
0
0
3
4
8
5
11
8
15
34
8
12
8
41
2
2
4
13
5
6
9
5
0
0
0
2
4
10
3
1
0
2
54
0
2
2
0
0
0
3
0
0
3
4
0
1
1
0
0
1
0
0
0
9
1
0
0
0
0
0
2
1
0
0
0
0
7
0
0
0
0
0
0
0
0
0
0
0
0
0
0
0
0
0
0
0
0
0
0
0
0
0
14
0
0
0
0
0
1
0
0
0
0
0
0
0
0
0
0
0
0
0
0
0
0
0
6
12
0
0
0
0
0
0
0
3
95
0
0
2
1
0
0
0
1
4
32
1
0
0
3
5
1
0
4
42
23
0
8
7
17
18
19
9
11
38
15
9
17
9
8
5
2
0
0
0
0
0
0
0
0
0
0
0
0
0
0
0
0
0
0
0
0
0
0
0
0
0
0
0
0
0
0
0
0
0
0
0
0
0
0
0
0
0
0
0
0
0
4
15
0
4
3
0
22
9
3
0
11
31
3
0
2
7
1
0
0
0
2
32
5
0
0
0
0
0
0
0
0
0
0
0
0
0
0
0
0
0
0
0
0
0
0
0
1
3
0
0
0
0
0
0
0
0
0
0
0
0
0
7
8
30
2
13
9
3
0
0
6
9
0
0
0
0
0
0
0
0
4
7
0
9
2
0
32
4
5
8
18
4
3
5
2
3
4
3
1
13
3
1
0
1
6
1
0
0
0
4
2
2
0
0
0
0
1
4
2
0
3
0
0
0
0
0
0
1
0
0
0
0
0
0
0
0
0
0
0
0
0
0
0
0
0
0
0
0
0
0
0
0
0
0
0
0
0
0
0
0
0
0
0
0
0
0
1
27
0
8
0
1
11
0
2
1
0
12
1
1
1
2
1
9
16
0
0
0
7
0
0
0
0
0
0
0
0
0
1
5
0
14
0
1
0
0
0
0
0
75
9
0
6
44
5
9
6
83
0
0
5
2
0
6
2
3
1
0
1
0
12
9
10
14
43
19
13
11
7
22
6
9
17
3
2
0
0
0
0
0
0
0
0
0
0
0
0
0
0
0
0
0
0
0
0
0
0
0
0
0
0
0
0
0
0
0
0
0
0
0
0
0
0
0
0
0
0
0
0
0
0
0
0
0
0
0
0
0
0
0
0
0
0
0
0
0
0
0
0
0
0
0
0
0
1
63
45
4
12
0
0
3
0
0
0
0
0
0
6
0
0
0
0
8
10
4
103
0
0
0
1
1
0
2
2
0
1
11
0
12
0
0
7
1
0
6
2
0
0
0
0
0
0
0
0
0
0
7
45
5
0
16
3
0
8
13
9
5
5
5
1
2
2
2
0
0
3
5
1
0
1
3
0
0
4
1
0
1
1
4
2
10
1
0
0
0
0
0
0
0
0
0
0
0
0
0
0
0
0
0
0
0
0
0
0
0
0
0
0
0
0
0
0
0
0
0
0
0
0
0
0
0
0
0
0
56
66
0
0
0
0
1
5
4
12
7
26
3
0
11
0
0
0
0
0
6
0
0
0
0
1
0
6
0
0
13
0
2
2
0
4
0
0
0
0
0
0
0
0
0
0
0
0
0
1
5
65
3
2
4
1
0
3
59
5
21
5
1
4
2
4
24
1
5
4
2
5
4
17
20
12
8
14
11
6
23
6
7
29
10
4
17
0
0
0
0
0
0
0
0
0
0
0
0
0
0
0
0
0
0
0
0
0
0
0
0
0
0
0
0
0
0
0
0
0
0
0
0
0
0
0
0
0
0
0
0
0
0
0
0
0
0
0
0
0
0
0
0
0
0
0
0
0
0
0
2
4
14
38
2
23
7
4
0
0
0
0
0
0
0
0
0
0
0
0
1
3
114
60
1
0
0
0
7
0
5
6
1
0
0
0
0
0
25
11
3
0
0
0
0
0
0
0
8
12
0
0
0
7
0
6
0
0
0
0
0
0
0
7
8
4
0
5
0
0
6
0
0
0
0
0
7
1
4
53
33
0
0
0
2
8
2
0
1
1
0
0
0
0
11
2
0
3
2
0
0
0
0
0
0
2
15
3
17
0
1
52
0
0
0
3
1
5
4
0
2
3
2
1
6
6
14
0
0
0
0
0
0
0
0
0
0
11
3
0
0
0
0
0
0
100
0
0
0
0
0
9
0
0
0
0
0
0
0
11
5
3
2
6
2
9
0
0
0
4
1
3
1
2
1
9
0
0
3
3
88
1
9
4
0
15
1
3
1
5
7
9
1
7
0
9
4
6
9
8
3
5
3
7
2
10
9
3
6
5
8
3
6
7
12
5
45
4
2
5
5
5
6
6
6
5
11
7
2
6
3
16
11
4
9
2
3
12
5
6
5
4
3
0
2
2
2
8
4
2
0
0
0
0
0
0
0
0
0
0
0
0
0
0
0
0
0
0
0
0
0
0
0
0
0
0
0
0
0
0
0
0
0
0
0
0
0
0
0
0
0
0
0
0
0
0
0
0
0
0
0
0
0
0
0
0
0
0
0
0
0
0
0
0
0
0
0
0
0
0
0
0
0
0
0
0
0
0
0
0
0
0
0
0
0
0
0
0
0
0
0
0
0
2
5
17
21
0
0
0
12
10
6
0
0
0
0
0
0
0
0
0
0
0
0
0
0
0
0
0
5
9
2
0
0
0
0
0
0
4
13
8
0
2
9
3
6
0
0
0
4
2
0
0
0
0
0
0
0
0
0
0
0
4
4
2
8
5
0
0
0
0
0
0
0
0
0
0
0
0
0
0
0
0
0
0
0
0
47
0
4
0
5
7
0
0
0
0
2
34
4
0
0
6
4
0
0
0
0
0
0
0
1
5
3
1
7
0
6
3
1
14
0
0
0
0
0
0
0
0
5
3
7
23
6
5
2
1
0
2
0
1
5
6
2
4
5
7
2
3
1
6
3
3
6
4
5
30
4
5
5
3
7
6
3
4
6
5
21
4
5
3
3
4
6
5
5
3
3
35
7
2
2
7
2
7
4
0
12
1
2
1
2
0
0
0
0
0
0
0
0
0
0
0
0
0
0
0
0
0
0
0
0
0
0
0
0
0
0
0
0
0
0
0
0
0
0
0
0
0
0
0
0
0
0
0
0
0
0
0
0
0
0
0
0
0
0
0
0
0
0
0
0
0
0
0
0
0
0
0
0
0
0
0
0
0
0
0
0
0
0
0
0
0
0
0
0
0
0
0
0
0
0
0
0
0
0
0
0
29
14
4
0
0
0
0
0
4
51
1
1
2
10
9
2
0
0
0
0
0
0
0
0
0
0
0
0
0
0
0
0
0
0
0
0
0
2
8
5
1
0
0
11
3
1
0
0
0
0
0
0
0
0
0
0
0
6
15
0
0
0
0
0
0
0
0
0
0
0
0
0
0
0
0
29
0
7
5
47
4
1
0
0
0
1
0
0
0
0
0
0
0
0
0
0
0
0
0
0
0
0
0
0
0
35
4
2
1
25
10
12
0
0
0
0
7
2
0
0
5
22
8
0
7
2
0
6
2
1
0
3
0
1
0
0
0
0
0
0
3
4
14
5
16
4
1
2
2
8
5
4
4
0
5
5
5
2
4
7
2
3
4
8
4
4
10
4
3
1
6
9
79
14
6
4
4
1
87
4
0
1
0
2
3
2
2
2
0
4
0
2
0
0
0
0
0
4
3
0
0
0
0
0
0
0
0
0
0
0
0
0
0
0
0
0
0
0
0
0
0
0
0
0
0
0
0
0
0
0
0
0
0
0
0
0
0
0
0
0
0
2
3
3
15
8
9
1
0
0
7
9
3
0
0
0
0
0
0
0
0
0
0
0
0
0
0
0
0
0
0
0
0
0
0
0
0
0
0
0
0
0
0
0
0
0
0
0
0
0
0
0
0
0
0
0
0
0
0
0
0
0
0
0
0
0
0
0
0
0
0
0
0
0
0
2
2
2
3
0
0
0
0
0
0
0
0
0
0
0
0
0
0
0
6
0
0
0
0
0
0
4
10
1
0
0
0
0
0
0
6
11
0
0
0
2
5
0
0
0
0
0
0
7
1
1
10
2
21
0
4
2
0
2
0
0
0
0
0
0
0
0
0
10
106
1
1
1
15
1
0
6
5
3
0
0
0
0
0
0
2
30
6
0
0
0
13
7
81
0
0
0
0
0
0
0
0
0
11
13
3
3
0
0
0
0
0
0
0
0
0
3
2
4
14
3
67
6
4
5
10
5
3
17
22
118
5
2
6
7
2
2
5
3
5
9
7
3
4
7
2
1
1
13
2
5
2
4
9
25
3
3
2
0
9
0
7
0
4
0
7
7
6
6
0
15
0
3
1
0
0
0
0
6
2
0
0
7
3
0
2
1
0
0
0
0
0
0
0
0
0
0
0
0
0
0
0
0
0
0
0
0
0
0
0
0
0
0
0
0
0
0
0
0
0
0
0
0
5
7
3
0
4
0
0
0
0
0
0
0
0
0
0
0
0
0
0
0
0
0
0
3
14
0
0
0
0
0
0
3
2
0
0
0
0
0
0
0
0
1
0
0
0
0
0
0
47
0
0
0
0
0
0
0
0
0
4
7
0
0
1
0
0
0
0
2
0
35
0
0
0
0
0
0
0
0
0
0
3
2
3
0
16
0
8
6
0
0
0
0
0
0
0
0
0
0
0
0
10
5
0
0
2
37
0
0
0
0
0
0
0
10
7
6
0
0
0
0
4
46
39
1
2
0
0
11
4
0
0
0
5
0
0
0
0
0
0
0
0
0
0
0
0
0
0
0
0
0
0
0
0
0
0
2
2
8
5
0
0
0
8
4
4
0
0
0
0
4
3
0
0
0
0
0
0
0
0
0
0
0
0
10
96
8
0
14
8
34
2
9
52
4
6
4
3
10
6
2
5
2
0
0
0
0
0
0
0
0
5
2
6
6
15
3
8
2
8
15
2
3
1
1
2
9
4
3
6
3
0
10
0
0
0
3
0
43
11
0
3
0
2
0
0
0
0
0
0
0
0
0
0
0
0
0
5
36
0
4
9
0
0
49
7
5
1
0
1
0
0
0
2
0
0
0
0
0
0
0
0
0
0
0
0
0
0
0
0
0
0
0
0
0
0
0
0
0
0
0
0
0
0
0
0
0
0
0
0
0
0
0
0
0
0
0
0
0
0
0
0
0
0
0
0
0
0
0
0
0
0
0
0
0
0
0
2
6
6
3
0
0
0
0
0
0
0
0
0
0
0
0
0
0
0
0
0
0
0
0
0
0
0
0
0
0
0
0
0
0
0
0
0
0
0
0
5
0
0
0
0
0
0
0
0
0
14
39
0
0
0
0
0
0
0
0
0
0
0
0
0
0
0
0
0
0
0
0
5
4
5
0
0
0
15
4
0
0
0
0
0
0
0
0
0
0
0
0
0
0
0
0
0
0
4
31
163
0
0
0
6
5
8
12
0
0
0
0
0
0
0
3
25
25
8
0
0
0
0
0
0
0
0
0
0
0
9
17
0
0
0
0
0
0
0
0
0
0
0
3
0
5
9
121
44
0
0
0
0
0
0
0
0
12
10
3
8
12
2
5
10
0
4
2
7
3
0
3
0
0
0
0
0
0
0
0
5
2
6
4
9
34
5
0
9
14
2
6
1
1
4
3
9
2
0
0
0
0
0
0
0
0
0
0
1
4
0
6
4
9
10
0
0
0
0
0
0
0
0
0
0
1
8
5
0
0
0
0
0
0
0
0
0
0
0
0
0
0
0
0
0
0
0
0
0
0
0
0
0
0
0
0
0
0
0
0
0
3
1
2
1
0
62
2
0
0
0
0
0
0
0
0
0
0
0
0
0
0
0
0
0
0
0
0
0
0
0
0
0
0
0
0
0
0
0
1
3
3
0
0
0
0
0
0
0
0
0
0
0
0
0
0
0
0
0
0
0
0
0
0
0
0
0
0
0
0
0
0
0
0
0
0
0
0
0
0
0
0
1
0
6
1
10
0
0
0
0
0
3
4
10
0
0
0
0
0
0
0
0
0
0
0
0
0
0
0
0
0
0
0
0
2
3
0
0
0
0
0
0
0
0
0
0
0
0
0
0
0
0
9
7
10
2
6
3
0
0
0
0
0
0
0
0
0
0
6
9
1
0
0
0
0
0
0
10
1
0
0
0
0
10
5
4
1
0
0
0
0
0
0
0
0
0
0
0
0
4
3
66
40
8
0
6
7
1
0
2
2
6
1
0
0
10
0
0
0
22
0
0
0
1
0
0
0
0
0
0
0
0
0
0
0
0
0
0
0
0
5
8
0
0
0
0
0
0
0
0
0
0
0
0
6
0
6
20
2
0
0
0
0
0
0
0
0
0
0
0
0
0
0
0
0
0
0
0
0
0
1
56
2
0
0
0
0
0
0
0
0
0
0
0
0
0
0
0
0
0
7
7
6
64
1
4
2
0
0
0
0
0
0
0
0
0
0
0
0
0
0
0
0
0
0
0
0
3
9
50
0
0
0
0
0
0
0
0
64
7
0
0
6
10
0
0
0
0
0
0
0
0
0
0
0
0
0
0
0
0
0
0
0
0
0
0
0
0
0
0
0
0
0
0
0
0
1
0
0
0
0
0
0
0
0
0
0
0
0
0
0
0
0
0
0
0
5
3
20
0
0
0
0
0
0
0
0
0
0
0
0
0
0
0
0
0
0
0
7
8
9
0
0
0
0
0
0
0
0
0
0
0
0
0
0
0
0
0
2
1
10
3
1
5
1
0
0
0
0
0
0
0
0
0
0
0
0
0
0
0
0
0
0
1
0
0
0
0
0
0
0
0
0
0
0
3
0
0
0
0
18
3
0
0
0
51
27
1
0
0
0
0
0
0
0
0
0
0
0
0
0
0
0
0
0
0
0
0
0
0
0
0
0
0
0
5
4
8
0
0
0
0
0
0
0
0
0
0
0
0
0
0
0
0
0
0
0
0
0
0
0
0
0
0
0
0
0
0
1
21
1
0
0
0
0
0
0
0
0
0
0
2
0
2
0
0
0
0
0
0
4
0
0
0
0
0
0
0
0
15
5
0
1
10
3
4
0
2
0
0
0
0
0
0
0
8
0
0
0
0
0
0
2
4
8
0
0
0
0
5
1
2
0
0
0
0
0
0
0
0
0
0
0
0
0
9
3
6
0
0
0
0
0
0
0
0
0
0
0
0
0
0
0
0
0
0
0
0
0
0
0
1
6
73
0
3
1
0
0
0
0
0
0
0
0
0
0
0
0
0
0
2
14
0
0
0
0
0
0
0
0
0
0
0
0
0
0
0
0
0
0
0
0
0
3
0
0
0
0
0
0
0
0
0
0
0
0
0
1
6
0
0
0
0
0
0
0
0
0
0
0
0
0
0
0
0
6
9
4
0
0
0
0
0
0
0
0
0
0
0
1
0
0
0
0
1
9
7
30
0
0
0
0
0
0
0
0
0
0
0
0
0
0
0
0
0
0
0
0
0
0
0
0
0
0
0
0
0
0
0
0
0
0
0
0
0
6
0
6
3
1
33
8
1
1
0
6
2
0
0
0
0
0
0
0
0
0
0
0
0
0
0
0
0
0
5
46
5
5
0
0
0
0
53
0
0
0
5
5
0
0
0
0
0
0
0
0
0
0
0
10
30
12
1
0
0
0
1
2
0
0
0
0
0
0
0
0
0
0
0
0
0
0
2
15
48
8
62
8
6
4
0
0
0
0
0
0
0
0
0
0
6
39
0
9
13
3
0
0
0
0
0
0
0
0
0
0
0
0
0
0
0
0
0
0
0
0
0
0
0
2
27
8
2
2
10
0
0
0
0
0
0
0
0
0
0
0
0
0
0
0
0
0
0
0
0
0
0
0
0
0
0
0
0
0
0
0
0
0
0
0
0
0
0
0
0
0
0
0
0
0
0
0
0
0
0
0
0
0
0
0
0
0
0
0
0
0
0
0
0
0
0
0
0
0
0
0
0
0
0
0
0
0
0
0
0
0
0
0
0
0
0
0
0
0
0
0
0
0
0
0
0
0
0
0
0
0
0
0
0
0
0
0
0
0
0
0
0
0
0
0
0
0
0
0
0
0
0
0
0
0
0
0
0
0
0
0
0
0
0
0
0
0
0
0
0
0
0
0
0
