120115C5MCtM044C08   30 Dec 2014
3986
5
0000
0
0
0
0
0
0
0
0
0
0
0
0
0
0
0
0
0
0
0
0
0
0
0
0
0
0
0
0
0
0
0
0
0
0
0
0
0
0
0
0
0
0
0
0
0
0
0
0
0
0
0
0
0
0
0
0
0
0
0
0
0
0
0
0
0
0
0
0
0
0
0
0
0
0
0
0
0
0
0
0
0
0
0
0
0
0
0
0
0
0
0
0
0
0
0
0
0
0
0
0
0
0
0
0
0
0
0
0
0
0
0
0
0
0
0
0
0
0
0
0
0
0
0
0
0
0
0
0
0
0
0
0
0
0
0
0
0
0
0
0
0
0
0
0
0
0
0
0
0
0
0
0
0
0
0
0
0
0
0
0
0
0
0
0
0
25
11
7
0
0
0
0
0
0
0
0
0
0
0
2
0
0
0
0
0
0
0
0
25
0
0
0
0
5
2
0
0
0
0
0
30
4
0
0
0
0
0
0
0
0
0
0
0
0
0
0
0
0
0
4
1
2
20
8
6
0
0
0
4
7
5
2
8
6
0
2
9
2
7
5
6
16
17
19
21
20
19
14
16
2
1
0
0
0
0
0
0
0
0
0
0
0
0
0
0
0
0
0
0
0
0
0
0
0
0
0
0
0
0
0
0
0
0
0
0
0
0
0
0
0
10
0
0
0
0
0
0
0
25
15
14
3
0
9
0
0
0
0
0
0
0
0
0
0
12
19
10
0
0
0
0
0
0
0
0
0
0
0
0
0
0
0
0
0
0
0
0
0
0
0
0
0
0
0
0
0
0
0
0
0
0
0
0
0
0
0
0
0
0
0
0
0
0
0
0
13
19
19
13
6
12
12
10
6
12
13
1
5
26
12
3
0
0
0
0
16
19
22
15
13
15
14
10
9
35
8
8
25
10
9
12
7
3
6
4
2
3
4
1
1
0
0
0
0
0
0
12
5
0
0
2
0
0
0
0
0
0
0
0
0
0
3
0
0
27
0
0
0
0
1
57
0
0
0
0
6
0
0
0
0
0
0
3
0
0
0
0
0
0
0
0
0
0
0
0
0
0
0
0
0
0
0
2
2
0
1
2
1
0
0
0
2
0
3
0
0
0
0
0
0
0
0
2
5
4
0
22
0
0
3
4
0
2
1
4
1
1
0
2
0
1
35
2
0
1
7
8
18
0
3
4
5
7
4
2
8
8
9
7
16
12
19
18
16
16
12
13
4
0
0
0
0
0
0
0
0
0
0
0
0
0
0
0
0
0
0
0
0
0
0
0
0
0
0
0
0
0
0
0
0
0
0
0
0
0
0
0
0
0
0
0
0
0
0
0
0
0
0
0
5
0
0
0
6
2
3
0
0
0
0
0
0
5
5
0
0
0
0
0
0
0
0
0
0
0
0
0
0
0
0
0
4
6
1
4
4
0
0
0
0
0
0
0
0
0
0
0
0
0
0
38
11
13
14
1
10
0
0
0
0
0
0
0
0
0
0
0
0
0
0
0
0
0
0
8
6
8
3
5
1
1
12
11
15
12
10
15
8
11
8
20
8
7
7
4
5
4
5
3
2
5
5
7
1
0
0
0
0
9
1
4
4
7
0
0
0
0
1
15
2
2
0
0
0
0
0
0
0
29
0
0
0
0
1
0
0
0
0
0
0
0
0
0
0
0
0
0
0
0
0
0
0
0
0
0
0
0
0
0
0
0
0
0
0
0
0
0
0
4
0
0
0
0
0
0
0
0
0
0
0
0
0
0
0
0
62
8
0
0
0
0
6
2
17
2
1
0
3
0
5
0
5
8
1
10
0
5
3
0
17
0
4
5
4
3
5
11
7
3
0
33
14
8
10
4
4
18
10
15
18
13
9
15
5
6
1
0
0
0
0
0
0
0
0
0
0
0
0
0
0
0
0
0
0
0
0
0
0
0
0
0
0
0
0
0
0
0
0
0
0
0
0
0
0
0
0
0
0
0
0
0
0
0
0
0
0
0
0
0
0
2
0
0
0
0
0
0
0
0
0
0
0
0
0
0
0
0
0
0
0
0
0
0
0
0
0
0
0
0
0
0
0
0
0
0
0
0
0
0
0
0
0
0
0
0
0
0
0
0
0
0
0
0
0
0
10
31
14
5
0
0
0
0
0
0
0
0
0
0
0
0
0
0
4
10
2
14
8
5
6
0
3
9
6
6
7
13
8
5
2
4
3
4
4
3
8
5
4
2
3
4
3
3
3
1
27
11
1
0
3
1
5
5
1
2
13
1
2
3
3
0
0
0
0
0
0
0
0
0
0
0
0
0
0
0
0
0
0
0
0
0
0
0
0
0
0
0
0
1
0
0
0
0
0
0
0
0
0
0
0
0
0
0
0
0
0
0
0
0
0
0
0
0
0
0
0
0
0
0
0
0
0
0
0
0
0
0
0
4
5
3
72
2
0
0
0
0
0
7
3
1
0
2
1
8
0
0
0
5
1
2
6
10
1
0
3
3
3
2
3
5
4
7
5
8
7
9
9
5
31
10
2
3
0
0
0
0
0
0
0
0
0
0
0
0
0
0
0
0
0
0
0
0
0
1
0
0
0
0
0
0
0
0
0
0
0
0
0
2
0
0
14
0
1
0
0
0
3
0
0
0
3
0
0
0
0
0
0
0
0
0
0
0
0
0
0
0
0
0
0
0
0
0
0
0
0
0
0
0
0
0
0
0
0
0
0
0
0
0
0
0
0
0
0
0
0
0
0
0
0
0
4
1
17
3
8
0
0
0
0
0
0
0
0
0
1
37
24
9
2
0
0
0
0
0
0
0
0
0
0
0
0
0
0
3
6
9
10
8
0
9
19
19
13
4
4
14
0
0
0
0
0
0
0
16
0
0
10
0
0
0
0
4
5
1
0
0
0
0
0
0
0
1
0
0
0
0
2
7
0
0
0
0
0
0
0
0
2
0
0
0
4
15
17
15
0
0
0
0
0
0
0
0
0
0
0
0
0
0
0
0
0
0
12
3
0
0
0
0
0
0
0
22
94
0
4
8
1
5
2
0
0
0
0
3
5
0
15
0
0
0
0
3
13
5
2
6
5
1
1
7
4
5
4
8
8
7
0
6
2
8
4
6
2
0
1
3
0
1
4
4
2
4
12
2
0
7
2
8
4
8
4
2
1
1
5
6
3
10
21
17
9
0
9
2
0
5
1
8
1
0
0
1
2
0
4
0
0
0
0
4
0
0
0
0
0
0
0
0
0
0
0
0
0
0
0
0
0
0
0
0
0
0
0
0
0
0
0
0
0
0
0
0
1
0
0
0
0
0
0
0
0
0
5
0
21
5
1
2
0
3
14
2
0
0
0
0
0
0
0
0
5
1
0
0
0
0
0
0
0
0
0
0
0
0
0
0
0
0
0
0
0
0
0
8
3
5
44
4
0
0
0
0
0
5
21
0
0
0
0
0
0
0
0
0
0
10
7
15
6
5
0
0
0
0
0
0
0
0
0
1
8
3
0
0
0
0
0
0
0
0
10
0
0
0
0
0
0
0
0
0
0
0
0
0
0
0
0
0
0
0
0
0
0
0
0
0
0
0
0
0
0
0
0
0
0
0
0
0
0
0
0
0
0
0
0
0
0
0
2
2
43
0
0
0
0
5
10
10
9
0
0
0
42
4
0
0
0
0
0
0
0
0
0
0
0
0
0
0
0
6
5
11
70
7
2
0
1
3
2
0
6
2
1
16
10
3
2
3
0
3
7
6
5
13
3
1
0
7
2
7
4
3
4
2
4
0
4
0
2
0
0
4
16
7
4
0
4
5
22
2
8
23
2
4
25
2
1
0
0
0
0
0
1
6
2
7
0
7
0
0
0
0
1
9
3
0
0
0
0
0
0
0
0
0
0
0
0
0
0
0
0
0
0
0
0
0
0
0
0
0
0
0
0
0
0
0
0
0
0
0
0
0
0
0
0
0
0
0
0
0
0
0
0
0
0
0
0
0
0
0
0
0
0
0
0
0
4
10
2
0
0
0
0
0
0
0
0
0
0
0
0
0
0
0
0
0
0
0
0
0
0
0
0
0
0
0
0
0
0
0
0
0
0
0
0
0
0
0
0
6
7
8
4
1
0
0
0
0
0
0
0
0
0
0
0
0
0
0
0
0
0
0
0
0
0
0
0
0
0
0
16
0
0
0
34
0
0
0
0
0
28
2
0
0
0
0
0
1
0
0
0
0
0
0
0
9
1
0
0
0
0
0
0
0
0
0
0
0
0
0
0
6
0
0
0
32
0
1
0
0
0
0
0
14
41
3
1
1
2
0
0
0
14
0
0
5
2
4
0
3
9
3
0
0
0
4
5
89
1
9
29
0
9
1
4
0
2
1
11
8
0
2
3
8
0
11
3
0
0
9
3
35
0
10
1
0
0
0
0
4
10
4
1
0
0
0
1
7
8
2
7
16
0
4
1
1
2
0
5
3
1
7
0
2
0
5
0
0
0
0
6
2
0
0
0
0
0
0
0
0
1
4
0
0
0
0
0
0
0
0
0
0
0
0
0
0
0
0
0
0
0
0
0
0
0
0
0
0
0
0
0
0
0
0
12
22
0
9
9
5
6
0
0
0
0
4
0
6
170
0
0
0
0
0
0
0
0
0
0
0
2
0
0
0
0
0
0
4
0
0
0
0
0
0
0
0
0
0
0
0
0
0
0
0
0
0
0
0
0
0
0
0
0
0
0
0
0
0
0
0
0
0
0
0
0
0
0
0
0
0
0
0
0
1
0
4
0
0
0
0
0
0
0
6
0
3
0
0
0
0
0
0
0
0
0
0
0
0
0
0
0
0
0
0
0
0
152
109
0
0
7
1
0
0
0
0
0
0
0
0
8
5
1
3
0
0
0
0
0
0
0
0
0
0
0
0
0
0
0
0
0
0
0
0
0
0
0
0
9
6
3
4
0
0
0
0
0
0
0
0
4
35
54
0
10
12
0
3
8
125
0
2
6
5
21
0
3
1
1
3
2
3
4
0
67
10
1
3
4
6
0
0
0
0
0
3
17
8
6
4
10
13
0
3
37
3
3
1
5
2
4
4
2
9
2
3
10
0
1
0
6
1
114
4
7
2
5
5
3
8
0
8
1
2
3
4
3
0
4
4
4
0
3
2
1
4
0
1
4
0
1
3
0
0
0
0
0
0
0
4
0
1
1
1
0
0
0
0
0
0
0
0
0
2
103
0
5
3
0
0
0
0
0
0
0
0
77
0
0
0
0
1
0
1
0
0
0
3
6
4
0
0
0
0
0
0
0
2
0
0
1
5
4
5
0
0
0
3
2
0
0
0
0
0
0
0
0
0
0
0
0
0
0
0
0
0
0
0
0
0
0
0
0
0
0
0
0
0
0
0
0
0
0
0
0
0
0
0
0
0
0
0
0
0
0
0
0
0
0
0
0
0
0
0
0
0
0
0
0
0
0
0
0
0
0
0
0
0
0
0
0
0
0
0
0
0
0
0
0
0
0
0
0
0
0
0
0
0
9
0
0
0
0
0
0
0
0
0
3
24
29
5
0
0
0
0
0
0
0
0
0
0
0
0
0
0
0
0
0
0
0
0
0
0
0
0
0
0
0
0
0
0
0
0
0
0
0
0
0
0
0
0
0
0
0
4
12
4
0
0
11
1
1
0
0
0
0
0
0
0
0
0
21
0
4
4
1
0
8
1
8
9
3
28
8
3
159
8
9
4
1
3
3
5
3
8
8
11
2
7
4
3
7
1
4
3
3
0
1
0
5
2
0
0
0
4
7
8
31
7
0
0
0
0
0
9
12
0
0
0
0
61
0
3
6
1
6
0
0
0
0
0
0
0
0
0
6
8
1
6
8
1
0
0
6
0
0
1
0
0
0
0
0
0
2
0
8
3
0
0
11
2
0
0
0
0
1
11
0
8
1
0
0
0
0
0
0
0
0
0
0
0
0
0
0
0
0
0
0
0
0
0
0
0
0
0
0
0
0
0
0
0
0
0
0
0
0
0
0
3
2
0
0
0
3
0
0
3
0
0
0
6
60
97
3
0
0
0
0
0
0
0
0
0
0
0
0
0
0
0
0
0
0
0
0
0
0
0
0
0
0
0
0
9
0
0
0
0
0
0
0
0
0
0
0
0
0
0
0
0
0
0
0
0
0
0
0
0
0
0
0
0
0
0
0
0
3
2
0
0
0
0
0
0
0
0
0
0
38
2
2
0
0
0
0
0
0
0
0
0
0
0
0
17
8
1
0
0
0
0
2
12
0
0
0
0
0
0
0
2
0
0
0
0
0
0
10
24
0
0
0
0
0
7
4
0
0
0
0
1
4
0
1
6
0
0
0
0
0
15
5
0
0
1
0
2
16
1
4
0
0
4
0
0
9
2
0
3
46
0
1
0
5
0
0
0
0
0
0
0
0
0
0
0
0
0
0
0
0
0
0
0
0
0
0
0
0
0
0
0
0
0
0
0
0
0
0
0
0
0
0
0
0
0
0
0
0
3
4
0
0
0
0
0
0
2
0
0
0
0
0
0
0
0
1
0
0
0
0
0
0
0
0
1
0
0
0
0
0
0
0
0
0
1
0
4
2
113
0
0
0
0
0
1
0
1
8
0
0
8
0
0
0
0
0
0
8
0
0
0
0
0
0
1
0
0
0
0
4
0
0
0
0
0
2
0
0
4
6
0
0
0
0
0
0
0
0
0
0
0
0
0
1
33
5
57
4
11
0
3
6
0
0
0
0
9
6
0
0
0
0
0
0
0
0
0
0
0
0
0
0
0
0
0
0
2
1
0
0
0
0
0
0
0
0
0
0
0
0
0
0
0
0
0
0
0
0
0
0
0
0
0
10
0
0
0
0
0
0
0
0
1
0
0
0
0
0
0
0
0
0
0
0
0
0
0
0
0
0
0
0
155
17
20
0
0
0
3
2
0
6
1
0
0
0
0
0
0
0
0
0
0
0
0
0
0
0
0
0
3
0
0
0
0
0
1
4
3
0
7
0
0
1
0
0
10
3
0
8
0
0
0
0
0
0
0
0
0
0
0
0
0
0
0
0
0
0
0
0
0
0
0
0
0
0
0
0
7
6
15
8
0
0
0
0
0
0
0
0
0
0
0
0
0
0
0
0
0
0
0
0
0
0
0
0
0
0
0
0
0
0
0
0
10
0
0
0
0
0
5
0
0
0
0
0
0
0
21
0
0
0
0
0
0
0
0
0
0
0
0
0
0
0
0
0
0
0
0
0
0
0
0
0
0
0
0
0
3
0
1
2
0
0
0
0
0
0
0
0
0
0
25
9
10
58
11
5
3
0
0
0
0
0
0
0
0
0
11
11
32
0
0
15
4
9
84
0
0
0
1
0
0
0
0
0
0
88
139
20
0
0
0
0
3
9
4
11
5
0
0
0
0
0
8
0
0
0
0
0
2
10
0
0
25
3
0
0
0
0
0
11
4
0
0
0
0
0
4
2
0
12
2
0
28
85
5
8
2
0
0
0
0
0
14
24
4
4
3
0
0
0
0
0
0
0
2
7
47
115
8
5
6
0
2
1
0
0
0
15
14
3
8
0
8
0
0
0
2
18
17
5
5
0
7
0
5
1
6
4
7
4
0
3
0
2
0
0
0
2
2
1
0
0
0
0
7
0
0
0
0
0
0
1
2
3
1
2
3
2
0
0
5
6
0
0
0
0
0
0
0
0
0
1
0
0
0
0
0
0
0
0
0
0
0
0
0
0
0
5
0
0
0
0
0
0
0
1
0
0
0
0
0
0
1
5
0
0
0
0
0
0
0
0
0
0
0
0
0
0
0
0
0
0
0
0
0
0
0
0
0
0
0
0
0
0
0
0
0
0
0
0
0
0
5
0
0
0
0
0
0
0
0
0
0
0
0
0
2
101
88
1
0
0
0
0
0
0
1
0
0
0
0
0
0
6
7
4
68
10
3
0
1
0
0
0
0
0
4
27
11
11
0
0
0
5
0
2
6
56
6
4
0
0
0
0
0
0
0
0
0
0
15
4
0
0
0
0
0
0
0
0
0
0
0
0
0
0
2
0
15
0
0
0
0
0
12
12
0
6
3
46
0
4
0
0
5
36
0
15
8
0
12
3
0
0
0
1
4
0
0
0
0
0
3
2
6
6
1
11
14
3
0
3
0
3
5
2
0
0
0
2
3
0
2
1
4
4
1
0
0
0
7
0
7
7
0
0
0
53
0
1
9
0
3
5
1
1
0
4
6
0
4
1
0
3
0
1
3
0
0
0
0
22
0
4
5
2
5
0
0
0
0
0
0
0
0
0
0
0
0
0
0
0
0
0
0
0
0
0
0
0
0
0
0
0
0
0
0
0
0
0
0
0
0
0
0
0
0
0
0
0
0
0
0
0
0
0
0
33
0
0
0
0
0
0
0
0
0
0
0
0
0
1
0
0
0
0
0
0
0
0
0
0
0
0
0
0
0
0
0
0
0
0
0
0
0
4
0
1
0
0
0
0
0
0
0
0
0
0
0
0
0
0
0
4
97
0
0
0
0
29
0
0
0
0
0
0
3
1
1
0
0
0
0
0
0
0
0
0
0
0
0
2
3
0
0
0
0
0
0
0
4
9
1
0
3
0
0
0
0
0
0
0
0
0
0
0
0
0
0
1
0
0
4
5
0
0
0
13
5
12
0
0
0
0
0
0
0
0
0
0
0
0
0
0
0
0
0
0
0
0
0
0
0
0
0
0
0
0
0
0
0
0
0
0
0
0
0
0
0
0
0
0
0
0
0
0
0
0
0
0
0
0
0
0
0
0
0
0
0
0
0
0
0
0
0
0
0
0
0
0
0
0
0
0
0
0
0
0
0
0
0
0
0
0
0
0
0
0
0
0
0
0
0
0
0
0
0
0
0
0
0
0
0
0
0
0
0
0
0
0
0
0
0
0
0
0
0
0
0
0
0
0
0
0
0
0
0
0
0
0
0
0
0
0
0
0
0
0
0
0
0
0
0
0
