		Tau1_(ChiSq)	Power1	Signif1	Tau2_(ChiSq)	Power2	Signif2	Tau_FFT	Power_FFT											
genotipo		Hr			Hr			1/Hr	Rel_Power	Rhythms power 1	Ritmicidad	N	R	W	AR	%R	mean period	SD period	mean Rhythm Power	SD Rhythms power
"100751,pdf;dicer/GFPn"	120115C5MCtM040C01.txt		428.754	410.523	23.25	335.023	318.935	0.944	0.006	18.231	W	31	7	23	1	22.58064516	23.92871429	0.352683106	109.2264839	17.45356665
	120115C5MCtM040C02.txt	23.417	525.401	321.074	21.417	313.711	295.371	0.009	0.049	204.327	R									
	120115C5MCtM040C03.txt		651.976	325.351	28.333	437.312	383.974	0.009	0.084	326.625	W									
	120115C5MCtM040C04.txt		462.22	336.034	22.833	371.551	313.585	0.042	0.018	126.186	W									
	120115C5MCtM040C05.txt	23.083	587.983	316.795	24.75	328.166	338.169	0.042	0.065	271.188	R									
	120115C5MCtM040C06.txt		350.651	311.444	24.167	363.735	330.694	0.009	0.01	39.207	W									
	120115C5MCtM040C07.txt	23.417	551.768	321.074	30	442.553	405.218	0.042	0.042	230.694	R									
	120115C5MCtM040C08.txt		390.773	333.898	22.5	334.716	309.303	0.009	0.011	56.875	W									
	120115C5MCtM040C09.txt		359.84	336.034	32.833	460.502	441.255	2.523	0.007	23.806	W									
	120115C5MCtM040C10.txt		345.232	318.935	31	442.294	417.947	0.046	0.006	26.297	W									
	120115C5MCtM040C11.txt	25.25	421.103	344.572	24.333	399.092	332.83	0.042	0.038	76.531	R									
	120115C5MCtM040C12.txt		401.4	318.935	26.917	433.21	365.888	0.009	0.038	82.465	W									
	120115C5MCtM040C13.txt		362.363	342.438	25.417	361.24	346.706	0.009	0.022	19.925	W									
	120115C5MCtM040C14.txt		600.245	318.935	26.917	445.667	365.888	0.046	0.022	281.31	W									
	120115C5MCtM040C15.txt		366.088	329.625	31.417	451.365	423.248	0.009	0.007	36.463	W									
	120115C5MCtM040C16.txt	24.417	600.541	333.898	22.417	312.607	308.232	0.042	0.048	266.643	R									
	120115C5MCtM040C17.txt		358.465	310.374	23.25	353.354	318.935	0.009	0.017	48.091	W									
	120115C5MCtM040C18.txt																			
	120115C5MCtM040C19.txt		348.114	310.374	23.417	357.353	321.074	0.009	0.021	37.74	W									
	120115C5MCtM040C20.txt		362.674	318.935	22.583	344.518	310.374	0.009	0.008	43.739	W									
	120115C5MCtM040C21.txt		366.205	339.237	29.25	419.075	395.662	0.009	0.009	26.968	AR									
	120115C5MCtM040C22.txt		397.828	332.83	24.75	366.701	338.169	0.037	0.02	64.998	W									
	120115C5MCtM040C23.txt	24.75	565.819	338.169	22.833	340.349	313.585	0.042	0.042	227.65	R									
	120115C5MCtM040C24.txt		399.439	315.725	22.333	345.325	307.161	0.046	0.035	83.714	W									
	120115C5MCtM040C25.txt		525.878	450.78	25.333	381.655	345.639	0.009	0.012	75.098	W									
	120115C5MCtM040C26.txt		434.781	328.557	24.75	383.01	338.169	0.009	0.041	106.224	W									
	120115C5MCtM040C27.txt		399.314	318.935	23.083	365.404	316.795	0.037	0.016	80.379	W									
	120115C5MCtM040C28.txt		347.345	313.585	21.333	309.782	294.298	0.046	0.012	33.76	W									
	120115C5MCtM040C29.txt		402.19	315.725	27.083	431.067	368.017	0.009	0.02	86.465	W									
	120115C5MCtM040C30.txt		392.334	325.351	28.167	432.643	381.848	0.032	0.011	66.983	W									
	120115C5MCtM040C31.txt		332.362	286.786	25.833	396.91	352.037	0.009	0.022	45.576	W									
	120115C5MCtM040C32.txt	23.167	589.728	317.865	15.333	216.04	216.629	0.009	0.12	271.863	R									
"100751,pdf;dicer/dCLK"	120115C5MCtM041C01.txt	23.75	493.143	325.351	22	308.227	302.876	0.042	0.031	167.792	R	32	10	21	1	31.25	23.8751	0.162701837	96.50571875	10.37436792
	120115C5MCtM041C02.txt		372.961	323.213	28.667	431.603	388.226	0.009	0.016	49.748	W									
	120115C5MCtM041C03.txt		403.243	332.83	24.75	386.481	338.169	0.009	0.033	70.413	W									
	120115C5MCtM041C04.txt		387.134	323.213	24	369.762	328.557	0.009	0.012	63.921	W									
	120115C5MCtM041C05.txt		363.548	315.725	28.333	410.668	383.974	0.009	0.023	47.823	W									
	120115C5MCtM041C06.txt	23.417	474.463	321.074	22.417	361.765	308.232	0.042	0.025	153.389	R									
	120115C5MCtM041C07.txt		420.013	316.795	24.583	371.314	336.034	0.042	0.024	103.218	W									
	120115C5MCtM041C08.txt	23.333	453.974	320.004	25.75	377.01	350.971	0.042	0.044	133.97	R									
	120115C5MCtM041C09.txt	24.417	498.257	333.898	22.917	342.238	314.655	0.009	0.077	164.359	R									
	120115C5MCtM041C10.txt		473.076	450.78	24.333	353.817	332.83	0.009	0.01	22.296	W									
	120115C5MCtM041C11.txt		514.359	340.304	23.167	360.765	317.865	0.009	0.048	174.055	W									
	120115C5MCtM041C12.txt		466.255	327.488	28.917	480.701	391.413	0.032	0.016	138.767	W									
	120115C5MCtM041C13.txt		416.568	332.83	22.333	355.178	307.161	0.009	0.087	83.738	W									
	120115C5MCtM041C14.txt		411.483	322.143	22.25	343.196	306.09	0.009	0.036	89.34	W									
	120115C5MCtM041C15.txt		363.473	324.282	20.083	302.758	278.191	0.009	0.038	39.191	W									
	120115C5MCtM041C16.txt		382.367	327.488	25.167	376.314	343.505	0.042	0.012	54.879	W									
	120115C5MCtM041C17.txt	23.083	494.53	316.795	22	321.547	302.876	0.042	0.016	177.735	R									
	120115C5MCtM041C18.txt		384.608	316.795	28.333	431.241	383.974	0.009	0.041	67.813	W									
	120115C5MCtM041C19.txt	24.167	471.51	330.694	22.583	349.356	310.374	0.009	0.033	140.816	R									
	120115C5MCtM041C20.txt		480.205	336.034	26.333	420.061	358.432	0.042	0.018	144.171	W									
	120115C5MCtM041C21.txt	23.75	557.855	325.351	31.667	430.344	426.427	0.042	0.053	232.504	R									
	120115C5MCtM041C22.txt		434.793	385.037	23.167	359.247	317.865	0.009	0.048	49.756	W									
	120115C5MCtM041C23.txt		327.36	301.804	25.167	358.214	343.505	0.009	0.01	25.556	AR									
	120115C5MCtM041C24.txt	24.417	501.396	333.898	25.75	374.4	350.971	0.042	0.066	167.498	R									
	120115C5MCtM041C25.txt		395.402	331.762	24.5	386.047	334.966	0.009	0.025	63.64	W									
	120115C5MCtM041C26.txt	24.417	442.849	333.898	25.917	398.82	353.103	0.009	0.037	108.951	R									
	120115C5MCtM041C27.txt		361.594	328.557	14.75	229.332	209.023	0.009	0.015	33.037	W									
	120115C5MCtM041C28.txt	24	481.648	328.557	16	265.803	225.309	0.009	0.074	153.091	R									
	120115C5MCtM041C29.txt		396.458	327.488	26.25	391.08	357.366	0.009	0.018	68.97	W									
	120115C5MCtM041C30.txt		443.204	396.724	27.333	383.849	371.21	0.009	0.007	46.48	W									
	120115C5MCtM041C31.txt		398.849	377.594	29	408.49	392.476	0.037	0.01	21.255	W									
	120115C5MCtM041C32.txt		459.617	429.606	21.417	319.164	295.371	0.009	0.03	30.011	W									
"100751,pdf;dicer/uasCLK"	120115C5MCtM042C01.txt	24.083	411.723	329.625	27.667	412.95	375.466	0.042	0.023	82.098	R	30	8	19	3	26.66666667	24.052125	0.202721729	95.60236667	13.23920204
	120115C5MCtM042C02.txt		488.656	336.034	25.833	364.621	352.037	0.042	0.042	152.622	W									
	120115C5MCtM042C03.txt		425.911	358.432	27.083	434.33	368.017	0.171	0.006	67.479	W									
	120115C5MCtM042C04.txt		393.491	327.488	26.083	384.579	355.235	0.046	0.017	66.003	W									
	120115C5MCtM042C05.txt		351.483	300.732	33.75	484.075	452.895	0.009	0.026	50.751	W									
	120115C5MCtM042C06.txt																			
	120115C5MCtM042C07.txt		402.32	322.143	24.25	381.385	331.762	0.032	0.026	80.177	W									
	120115C5MCtM042C08.txt	23.25	412.833	318.935	22.25	346.326	306.09	0.042	0.029	93.898	R									
	120115C5MCtM042C09.txt	23.25	444.019	318.935	24.917	369.627	340.304	0.042	0.051	125.084	R									
	120115C5MCtM042C10.txt		389.694	323.213	24.917	359.108	340.304	0.042	0.046	66.481	W									
	120115C5MCtM042C11.txt		341.419	328.557	31.333	431.111	422.188	0.009	0.008	12.862	W									
	120115C5MCtM042C12.txt		400.567	342.438	23.167	365.605	317.865	0.042	0.043	58.129	W									
	120115C5MCtM042C13.txt		362.869	317.865	18.917	303.627	263.126	0.009	0.014	45.004	W									
	120115C5MCtM042C14.txt																			
	120115C5MCtM042C15.txt		428.055	328.557	25	356.844	341.371	0.042	0.029	99.498	W									
	120115C5MCtM042C16.txt	24.417	574.059	333.898	21.917	298.078	301.804	0.042	0.051	240.161	R									
	120115C5MCtM042C17.txt	24.417	499.359	333.898	26	365.569	354.169	0.042	0.051	165.461	R									
	120115C5MCtM042C18.txt		403.523	329.625	24.5	371.943	334.966	0.009	0.015	73.898	W									
	120115C5MCtM042C19.txt		454.286	430.665	23.25	337.789	318.935	0.009	0.01	23.621	W									
	120115C5MCtM042C20.txt		463.015	341.371	27.583	461.918	374.402	0.069	0.049	121.644	W									
	120115C5MCtM042C21.txt		464.584	340.304	27.75	414.039	376.53	0.042	0.019	124.28	W									
	120115C5MCtM042C22.txt	24.667	454.041	337.102	22.25	339.822	306.09	0.042	0.058	116.939	R									
	120115C5MCtM042C23.txt		451.514	428.547	20.083	298.837	278.191	0.009	0.024	22.967	AR									
	120115C5MCtM042C24.txt		381.281	321.074	24.167	362.751	330.694	0.009	0.014	60.207	W									
	120115C5MCtM042C25.txt		464.119	330.694	21.667	330.7	298.588	0.042	0.054	133.425	W									
	120115C5MCtM042C26.txt	24	601.097	328.557	22.75	309.392	312.515	0.079	0.049	272.54	R									
	120115C5MCtM042C27.txt		396.253	360.563	24.417	352.642	333.898	0.458	0.013	35.69	AR									
	120115C5MCtM042C28.txt		336.792	333.898	24.75	339.955	338.169	0.009	0.036	2.894	AR									
	120115C5MCtM042C29.txt		339.444	312.515	24.75	353.702	338.169	0.009	0.017	26.929	W									
	120115C5MCtM042C30.txt	24.333	619.41	332.83	25.75	351.323	350.971	0.042	0.083	286.58	R									
	120115C5MCtM042C31.txt		432.617	329.625	25.333	378.672	345.639	0.042	0.025	102.992	W									
	120115C5MCtM042C32.txt		384.176	326.419	24.167	383.969	330.694	0.042	0.018	57.757	W									
"100751,pdf;dicer/dPER"	120115C5MCtM044C01.txt	23.917	390.917	327.488	21.667	338.029	298.588	0.042	0.031	63.429	R	30	9	21	0	30	24.20388889	0.234839935	79.07503333	7.002865306
	120115C5MCtM044C02.txt		396.877	327.488	25.583	415.097	348.839	0.042	0.009	69.389	W									
	120115C5MCtM044C03.txt		449.916	394.6	26.333	412.464	358.432	0.653	0.006	55.316	W									
	120115C5MCtM044C04.txt		447.455	343.505	24.083	381.458	329.625	0.042	0.021	103.95	W									
	120115C5MCtM044C05.txt		347.287	322.143	26.167	373.5	356.301	1.644	0.008	25.144	W									
	120115C5MCtM044C06.txt		616.207	439.138	24.5	398.054	334.966	0.083	0.007	177.069	W									
	120115C5MCtM044C07.txt		426.482	364.823	33.333	478.933	447.605	0.079	0.009	61.659	W									
	120115C5MCtM044C08.txt		472.383	435.961	26.417	389.78	359.497	1.569	0.006	36.422	W									
	120115C5MCtM044C09.txt		420.603	387.163	25.583	372.716	348.839	0.042	0.01	33.44	W									
	120115C5MCtM044C10.txt	23.917	418.841	327.488	25.25	380.742	344.572	0.042	0.012	91.353	R									
	120115C5MCtM044C11.txt		462.247	352.037	26.167	430.565	356.301	0.042	0.018	110.21	W									
	120115C5MCtM044C12.txt		370.304	328.557	26.167	396.584	356.301	0.083	0.007	41.747	W									
	120115C5MCtM044C13.txt		379.469	325.351	24.583	381.209	336.034	0.042	0.011	54.118	W									
	120115C5MCtM044C14.txt	23.917	446.107	327.488	25.583	439.207	348.839	0.042	0.023	118.619	R									
	120115C5MCtM044C15.txt	24.5	469.938	334.966	23.25	366.24	318.935	0.083	0.02	134.972	R									
	120115C5MCtM044C16.txt		419.599	326.419	27.25	435.006	370.146	0.083	0.005	93.18	W									
	120115C5MCtM044C17.txt	23.917	482.681	327.488	25.583	388.63	348.839	0.042	0.023	155.193	R									
	120115C5MCtM044C18.txt		469.029	406.279	24.833	386.813	339.237	0.042	0.012	62.75	W									
	120115C5MCtM044C19.txt		356.357	322.143	24.417	365.46	333.898	0.042	0.012	34.214	W									
	120115C5MCtM044C20.txt		292.629	246.947	23.25	364.479	318.935	0.903	0.006	45.682	W									
	120115C5MCtM044C21.txt																			
	120115C5MCtM044C22.txt		424.704	333.898	24.917	378.267	340.304	0.042	0.015	90.806	W									
	120115C5MCtM044C23.txt		366.015	318.935	17.333	273.598	242.626	0.009	0.007	47.08	W									
	120115C5MCtM044C24.txt		534.838	430.665	30.167	457.788	407.34	0.032	0.005	104.173	W									
	120115C5MCtM044C25.txt	25.667	451.779	349.905	27.083	387.592	368.017	0.037	0.02	101.874	R									
	120115C5MCtM044C26.txt		365.877	324.282	25.667	388.947	349.905	0.042	0.018	41.595	W									
	120115C5MCtM044C27.txt	23.25	398.096	318.935	22.5	365.082	309.303	0.009	0.007	79.161	R									
	120115C5MCtM044C28.txt		419.656	336.034	26.167	396.223	356.301	0.042	0.016	83.622	W									
	120115C5MCtM044C29.txt	24.417	393.902	333.898	24.083	375.334	329.625	0.042	0.018	60.004	R									
	120115C5MCtM044C30.txt																			
	120115C5MCtM044C31.txt	24.333	408.81	332.83	23.75	374.407	325.351	0.042	0.01	75.98	R									
	120115C5MCtM044C32.txt		465.739	345.639	26	391.031	354.169	0.042	0.067	120.1	W									
"100751,pdf;dicer/uasPER"	120115C5MCtM045C01.txt		392.452	310.374	24.583	413.724	336.034	0.042	0.029	82.078	W	32	16	15	1	50	23.875125	0.147376249	153.8537188	19.2389759
	120115C5MCtM045C02.txt	24.083	741.903	329.625	26.25	386.013	357.366	0.042	0.087	412.278	R									
	120115C5MCtM045C03.txt	23.417	806.428	321.074	25	357.122	341.371	0.042	0.119	485.354	R									
	120115C5MCtM045C04.txt	23.25	431.074	318.935	21.667	317.25	298.588	0.042	0.036	112.139	R									
	120115C5MCtM045C05.txt	22.667	467.503	311.444	21.5	282.177	296.443	0.042	0.062	156.059	R									
	120115C5MCtM045C06.txt		398.39	331.762	24.583	362.659	336.034	0.167	0.014	66.628	W									
	120115C5MCtM045C07.txt		473.639	326.419	27.917	440.358	378.657	0.097	0.022	147.22	W									
	120115C5MCtM045C08.txt	24.75	693.529	338.169	22.417	311.273	308.232	0.042	0.07	355.36	R									
	120115C5MCtM045C09.txt		437.473	326.419	25.583	375.335	348.839	0.042	0.032	111.054	W									
	120115C5MCtM045C10.txt	23.917	526.849	327.488	25.417	368.648	346.706	0.042	0.044	199.361	R									
	120115C5MCtM045C11.txt		412.349	327.488	22.583	345.689	310.374	0.042	0.026	84.861	W									
	120115C5MCtM045C12.txt	24.583	445.392	336.034	22.75	331.158	312.515	0.042	0.036	109.358	R									
	120115C5MCtM045C13.txt		380.761	322.143	24.667	371.188	337.102	0.042	0.017	58.618	W									
	120115C5MCtM045C14.txt	22.917	510.323	314.655	25.167	369.453	343.505	0.042	0.048	195.668	R									
	120115C5MCtM045C15.txt		388.541	295.371	23.083	360.293	316.795	0.042	0.037	93.17	W									
	120115C5MCtM045C16.txt	23.917	559.703	327.488	30.75	435.682	414.766	0.042	0.074	232.215	R									
	120115C5MCtM045C17.txt		429.304	338.169	22.917	382.161	314.655	0.046	0.02	91.135	W									
	120115C5MCtM045C18.txt		352.842	321.074	24.25	353.805	331.762	0.009	0.014	31.768	W									
	120115C5MCtM045C19.txt	24.083	420.526	329.625	25.25	371.062	344.572	0.042	0.067	90.901	R									
	120115C5MCtM045C20.txt		478.272	322.143	25.667	382.168	349.905	0.042	0.098	156.129	W									
	120115C5MCtM045C21.txt		430.453	316.795	22	312.316	302.876	0.042	0.058	113.658	W									
	120115C5MCtM045C22.txt	24.417	610.886	333.898	26.5	385.543	360.563	0.042	0.07	276.988	R									
	120115C5MCtM045C23.txt		360.507	330.694	27.917	395.931	378.657	0.009	0.01	29.813	W									
	120115C5MCtM045C24.txt		485.333	324.282	25.75	327.71	350.971	0.042	0.137	161.051	W									
	120115C5MCtM045C25.txt		411.688	327.488	25.583	385.75	348.839	0.042	0.018	84.2	W									
	120115C5MCtM045C26.txt	24.167	547.462	330.694	25.667	374.616	349.905	0.042	0.076	216.768	R									
	120115C5MCtM045C27.txt	23.667	470.23	324.282	21.833	325.892	300.732	0.042	0.029	145.948	R									
	120115C5MCtM045C28.txt	24.167	506.623	330.694	22.083	341.436	303.947	0.042	0.053	175.929	R									
	120115C5MCtM045C29.txt		345.322	316.795	22.083	325.521	303.947	0.009	0.037	28.527	AR									
	120115C5MCtM045C30.txt	23.917	528.701	327.488	22.583	371.542	310.374	0.042	0.059	201.213	R									
	120115C5MCtM045C31.txt		392.394	339.237	24.583	374.107	336.034	0.009	0.011	53.157	W									
	120115C5MCtM045C32.txt	24.083	494.338	329.625	22.333	342.442	307.161	0.042	0.036	164.713	R									
"w-pdf,dicer"	120115C5MCtM046C01.txt	24.667	642.23	337.102	26.167	350.892	356.301	0.042	0.048	305.128	R	27	27	0	0	100	24.26551852	0.043244296	367.6796296	32.24114896
	120115C5MCtM046C02.txt	23.917	900.879	327.488	22.417	327.095	308.232	0.042	0.078	573.391	R									
	120115C5MCtM046C03.txt	24.417	648.663	333.898	26.5	372.236	360.563	0.042	0.058	314.765	R									
	120115C5MCtM046C04.txt	24.417	649.872	333.898	26	377.891	354.169	0.042	0.047	315.974	R									
	120115C5MCtM046C05.txt	24.417	474.821	333.898	23.5	339.509	322.143	0.009	0.024	140.923	R									
	120115C5MCtM046C06.txt	23.75	780.748	325.351	25.833	366.732	352.037	0.042	0.09	455.397	R									
	120115C5MCtM046C07.txt	24.417	920.185	333.898	22.833	307.687	313.585	0.042	0.07	586.287	R									
	120115C5MCtM046C08.txt	24.5	452.973	334.966	16.333	245.889	229.643	0.009	0.023	118.007	R									
	120115C5MCtM046C09.txt	24.333	440.743	332.83	23.667	371.458	324.282	0.009	0.039	107.913	R									
	120115C5MCtM046C10.txt	24.5	802.167	334.966	26.5	343.35	360.563	0.042	0.117	467.201	R									
	120115C5MCtM046C11.txt	24.333	841.202	332.83	22.583	306.551	310.374	0.042	0.085	508.372	R									
	120115C5MCtM046C12.txt	24.167	606.314	330.694	22.583	306.995	310.374	0.042	0.061	275.62	R									
	120115C5MCtM046C13.txt	23.917	678.054	327.488	25.333	372.128	345.639	0.042	0.045	350.566	R									
	120115C5MCtM046C14.txt	24.083	653.292	329.625	25.667	364.906	349.905	0.042	0.064	323.667	R									
	120115C5MCtM046C15.txt	24.083	731.174	329.625	22.333	319.318	307.161	0.042	0.053	401.549	R									
	120115C5MCtM046C16.txt	24.25	671.056	331.762	25.917	378.227	353.103	0.083	0.034	339.294	R									
	120115C5MCtM046C17.txt	24.25	804.259	331.762	26	387.954	354.169	0.042	0.064	472.497	R									
	120115C5MCtM046C18.txt	24.25	660.561	331.762	26.25	372.379	357.366	0.042	0.047	328.799	R									
	120115C5MCtM046C19.txt	24.583	771.161	336.034	27	379.762	366.952	0.042	0.129	435.127	R									
	120115C5MCtM046C20.txt	24.167	533.344	330.694	25.5	359.417	347.772	0.009	0.023	202.65	R									
	120115C5MCtM046C21.txt	24.417	731.904	333.898	22.917	364.108	314.655	0.042	0.052	398.006	R									
	120115C5MCtM046C22.txt	24.167	735.537	330.694	26	348.457	354.169	0.042	0.066	404.843	R									
	120115C5MCtM046C23.txt	24.333	562.332	332.83	27.333	399.733	371.21	0.042	0.032	229.502	R									
	120115C5MCtM046C24.txt	24.333	494.694	332.83	23.417	335.7	321.074	0.009	0.028	161.864	R									
	120115C5MCtM046C25.txt	23.917	988.419	327.488	26.25	348.945	357.366	0.042	0.161	660.931	R									
	120115C5MCtM046C26.txt	24.167	1108.883	330.694	14.5	189.854	205.759	0.042	0.109	778.189	R									
	120115C5MCtM046C27.txt	24.417	604.786	333.898	25.5	362.898	347.772	0.009	0.09	270.888	R									
w-uasPER	120115C5MCtM046C28.txt	23.75	556.278	325.351	25.5	380.739	347.772	0.042	0.037	230.927	R	27	26	1	0	96.2962963	23.73392308	0.040274694	599.8878889	47.09230798
	120115C5MCtM046C29.txt	23.5	962.415	322.143	22	265.884	302.876	0.042	0.106	640.272	R									
	120115C5MCtM046C30.txt	23.667	813.137	324.282	25.833	330.468	352.037	0.042	0.081	488.855	R									
	120115C5MCtM046C31.txt	23.833	831.081	326.419	26	356.931	354.169	0.042	0.08	504.662	R									
	120115C5MCtM046C32.txt	23.667	811.156	324.282	21.667	264.508	298.588	0.042	0.115	486.874	R									
	120115C5MCtM047C01.txt	23.667	1093.399	324.282	22.25	278.886	306.09	0.042	0.153	769.117	R									
	120115C5MCtM047C02.txt	23.75	575.323	325.351	25.833	346.84	352.037	0.009	0.092	249.972	R									
	120115C5MCtM047C03.txt	23.583	933.928	323.213	25.667	332.374	349.905	0.083	0.098	610.715	R									
	120115C5MCtM047C04.txt	23.833	1040.454	326.419	21.667	267.387	298.588	0.042	0.152	714.035	R									
	120115C5MCtM047C05.txt	23.5	807.958	322.143	25.667	365.116	349.905	0.042	0.067	485.815	R									
	120115C5MCtM047C06.txt	23.667	1046.13	324.282	25.833	298.295	352.037	0.042	0.181	721.848	R									
	120115C5MCtM047C07.txt	23.667	984.923	324.282	25.833	342.388	352.037	0.083	0.106	660.641	R									
	120115C5MCtM047C08.txt	24.5	929.061	334.966	26.5	356.099	360.563	0.042	0.167	594.095	R									
	120115C5MCtM047C09.txt	23.833	1372.096	326.419	21.917	288.007	301.804	0.042	0.165	1045.677	R									
	120115C5MCtM047C10.txt	23.833	1075.255	326.419	22.25	292.431	306.09	0.042	0.11	748.836	R									
	120115C5MCtM047C11.txt	23.833	951.621	326.419	22.25	265.012	306.09	0.042	0.123	625.202	R									
	120115C5MCtM047C12.txt	23.583	1206.174	323.213	25.75	339.642	350.971	0.042	0.13	882.961	R									
	120115C5MCtM047C13.txt	23.583	682.519	323.213	25.083	368.876	342.438	0.042	0.069	359.306	R									
	120115C5MCtM047C14.txt	23.75	1473.868	325.351	25.917	334.436	353.103	0.042	0.202	1148.517	R									
	120115C5MCtM047C15.txt	23.917	1168.517	327.488	22.417	306.796	308.232	0.042	0.099	841.029	R									
	120115C5MCtM047C16.txt	23.583	497.873	323.213	17.917	258.361	250.186	0.042	0.028	174.66	R									
	120115C5MCtM047C17.txt	23.833	967.67	326.419	21.75	286.901	299.66	0.042	0.12	641.251	R									
	120115C5MCtM047C18.txt	23.417	805.905	321.074	25.083	349.268	342.438	0.088	0.074	484.831	R									
	120115C5MCtM047C19.txt	23.833	735.661	326.419	29.833	446.005	403.095	0.042	0.052	409.242	R									
	120115C5MCtM047C20.txt		602.393	318.935	21.667	304.183	298.588	0.042	0.114	283.458	W									
	120115C5MCtM047C21.txt	23.75	1197.855	325.351	25.917	339.665	353.103	0.083	0.121	872.504	R									
	120115C5MCtM047C22.txt	23.75	847.022	325.351	21.833	302.138	300.732	0.042	0.092	521.671	R									
w-uasCLK	120115C5MCtM047C23.txt	23.667	833.525	324.282	25.417	366.662	346.706	0.042	0.07	509.243	R	25	25	0	0	100	23.68328	0.031429789	483.6146	35.98358866
	120115C5MCtM047C24.txt	23.583	644.099	323.213	25.417	382.201	346.706	0.042	0.063	320.886	R									
	120115C5MCtM047C25.txt	23.5	828.288	322.143	22.083	292.354	303.947	0.042	0.104	506.145	R									
	120115C5MCtM047C26.txt	23.917	969.872	327.488	25.833	355.848	352.037	0.042	0.132	642.384	R									
	120115C5MCtM047C27.txt	23.667	913.612	324.282	25.667	350.887	349.905	0.042	0.107	589.33	R									
	120115C5MCtM047C28.txt	23.833	793.569	326.419	22.333	290.306	307.161	0.042	0.102	467.15	R									
	120115C5MCtM047C29.txt	23.417	588.47	321.074	25.583	365.312	348.839	0.042	0.052	267.396	R									
	120115C5MCtM047C30.txt	23.833	839.442	326.419	26.167	340.892	356.301	0.042	0.18	513.023	R									
	120115C5MCtM047C31.txt	23.833	769.234	326.419	25.167	349.185	343.505	0.042	0.09	442.815	R									
	120115C5MCtM047C32.txt	23.833	493.298	326.419	25.083	387.823	342.438	0.042	0.031	166.879	R									
	120115C5MCtM048C01.txt	23.5	640.51	322.143	25.333	335.548	345.639	0.042	0.069	318.367	R									
	120115C5MCtM048C02.txt	23.833	944.103	326.419	17.75	237.405	248.027	0.042	0.074	617.684	R									
	120115C5MCtM048C03.txt	23.5	859.721	322.143	25.917	379.317	353.103	0.042	0.088	537.578	R									
	120115C5MCtM048C04.txt	23.667	679.727	324.282	25.167	341.647	343.505	0.083	0.038	355.445	R									
	120115C5MCtM048C05.txt	23.5	911.992	322.143	22.25	287.048	306.09	0.042	0.134	589.849	R									
	120115C5MCtM048C06.txt	23.833	482.3	326.419	21.75	291.348	299.66	0.042	0.043	155.881	R									
	120115C5MCtM048C07.txt	23.917	621.995	327.488	22.667	341.816	311.444	0.042	0.07	294.507	R									
	120115C5MCtM048C08.txt	23.667	1210.354	324.282	25.667	363.285	349.905	0.042	0.088	886.072	R									
	120115C5MCtM048C09.txt	23.833	743.448	326.419	22.417	317.426	308.232	0.042	0.09	417.029	R									
	120115C5MCtM048C10.txt	23.583	986.261	323.213	25.667	365.663	349.905	0.042	0.083	663.048	R									
	120115C5MCtM048C11.txt	23.667	882.357	324.282	25.333	374.885	345.639	0.042	0.07	558.075	R									
	120115C5MCtM048C12.txt	23.583	898.972	323.213	21.917	309.967	301.804	0.042	0.079	575.759	R									
	120115C5MCtM048C13.txt	23.833	1086.221	326.419	22.25	276.73	306.09	0.042	0.158	759.802	R									
	120115C5MCtM048C14.txt																			
	120115C5MCtM048C15.txt	23.583	899.466	323.213	22.25	300.349	306.09	0.042	0.14	576.253	R									
	120115C5MCtM048C16.txt	23.5	681.908	322.143	29.083	377.868	393.538	0.042	0.06	359.765	R									
	120115C5MCtM048C17.txt																			
w-dPER	120115C5MCtM048C18.txt	22.75	528.494	312.515	34	495.59	456.068	0.088	0.021	215.979	R	27	24	3	0	88.88888889	22.89933333	0.052233505	207.8778148	19.71143028
	120115C5MCtM048C19.txt	22.75	400.851	312.515	33.667	477.877	451.838	0.009	0.018	88.336	R									
	120115C5MCtM048C20.txt	22.667	402.604	311.444	21.583	326.441	297.516	0.046	0.026	91.16	R									
	120115C5MCtM048C21.txt	23.083	674.491	316.795	25.167	360.875	343.505	0.042	0.064	357.696	R									
	120115C5MCtM048C22.txt		364.016	303.947	24.167	383.663	330.694	0.042	0.024	60.069	W									
	120115C5MCtM048C23.txt		577.363	310.374	24.417	429.189	333.898	0.042	0.057	266.989	W									
	120115C5MCtM048C24.txt	22.917	527.829	314.655	34	500.429	456.068	0.042	0.025	213.174	R									
	120115C5MCtM048C25.txt	22.75	548.355	312.515	34	471.247	456.068	0.042	0.042	235.84	R									
	120115C5MCtM048C26.txt	23	514.535	315.725	28.75	398.79	389.288	0.088	0.038	198.81	R									
	120115C5MCtM048C27.txt	22.833	610.047	313.585	33.833	500.305	453.953	0.042	0.045	296.462	R									
	120115C5MCtM048C28.txt	23.583	420.818	323.213	33.25	466.986	446.547	0.088	0.029	97.605	R									
	120115C5MCtM048C29.txt	23.083	614.083	316.795	26	372.683	354.169	0.042	0.062	297.288	R									
	120115C5MCtM048C30.txt	23.083	672.561	316.795	15.417	233.062	217.715	0.042	0.072	355.766	R									
	120115C5MCtM048C31.txt		400.927	310.374	33.5	500.126	449.722	0.046	0.015	90.553	W									
	120115C5MCtM048C32.txt	22.917	709.725	314.655	34	567.361	456.068	0.088	0.058	395.07	R									
	120115C5MCtM049C01.txt	22.917	562.552	314.655	34	514.013	456.068	0.088	0.042	247.897	R									
	120115C5MCtM049C02.txt	22.667	532.59	311.444	34	556.169	456.068	0.088	0.032	221.146	R									
	120115C5MCtM049C03.txt	23.417	711.167	321.074	21.667	270.233	298.588	0.042	0.105	390.093	R									
	120115C5MCtM049C04.txt	22.833	530.892	313.585	33.917	519.996	455.011	0.088	0.023	217.307	R									
	120115C5MCtM049C05.txt	22.417	484.68	308.232	33.583	517.524	450.78	0.042	0.027	176.448	R									
	120115C5MCtM049C06.txt	23.083	463.521	316.795	26.083	381.946	355.235	0.042	0.054	146.726	R									
	120115C5MCtM049C07.txt	22.75	434.186	312.515	24.167	379.58	330.694	0.088	0.015	121.671	R									
	120115C5MCtM049C08.txt	22.583	416.417	310.374	34	521.898	456.068	0.046	0.017	106.043	R									
	120115C5MCtM049C09.txt	22.917	554.001	314.655	34	455.142	456.068	0.046	0.023	239.346	R									
	120115C5MCtM049C10.txt	22.75	388.169	312.515	33.167	510.99	445.489	0.088	0.016	75.654	R									
	120115C5MCtM049C11.txt	22.917	444.521	314.655	28.75	456.118	389.288	0.009	0.014	129.866	R									
	120115C5MCtM049C12.txt	22.917	594.362	314.655	33.917	484.686	455.011	0.042	0.039	279.707	R									
w-dCLK	120115C5MCtM049C13.txt	24	682.073	328.557	22.167	303.943	305.018	0.042	0.084	353.516	R	28	28	0	0	100	23.64585714	0.073908142	413.4046429	29.42360873
	120115C5MCtM049C14.txt	23.167	640.863	317.865	24.833	364.686	339.237	0.042	0.04	322.998	R									
	120115C5MCtM049C15.txt	23.5	716.361	322.143	25.333	345.73	345.639	0.042	0.065	394.218	R									
	120115C5MCtM049C16.txt	23.417	1048.157	321.074	21.667	285.262	298.588	0.042	0.119	727.083	R									
	120115C5MCtM049C17.txt	23.917	568.488	327.488	25.417	366.81	346.706	0.042	0.037	241	R									
	120115C5MCtM049C18.txt	23.583	928.766	323.213	25.333	320.857	345.639	0.083	0.061	605.553	R									
	120115C5MCtM049C19.txt	23.417	649.877	321.074	33.833	455.042	453.953	0.042	0.07	328.803	R									
	120115C5MCtM049C20.txt	23.417	693.849	321.074	25.833	350.012	352.037	0.042	0.085	372.775	R									
	120115C5MCtM049C21.txt	23.917	864.881	327.488	25.917	337.515	353.103	0.083	0.075	537.393	R									
	120115C5MCtM049C22.txt	23.75	828.048	325.351	22.5	301.288	309.303	0.042	0.071	502.697	R									
	120115C5MCtM049C23.txt	23.667	690.698	324.282	25.75	406.301	350.971	0.042	0.046	366.416	R									
	120115C5MCtM049C24.txt	23.333	526.838	320.004	22.417	354.59	308.232	0.042	0.03	206.834	R									
	120115C5MCtM049C25.txt	23.833	846.881	326.419	22.583	279.634	310.374	0.042	0.092	520.462	R									
	120115C5MCtM049C26.txt	23.833	657.564	326.419	25.583	349.182	348.839	0.083	0.039	331.145	R									
	120115C5MCtM049C27.txt	23.667	981.271	324.282	22	293.066	302.876	0.042	0.125	656.989	R									
	120115C5MCtM049C28.txt	23.583	704.919	323.213	22.083	303.35	303.947	0.042	0.107	381.706	R									
	120115C5MCtM049C29.txt	23.583	649.038	323.213	22.5	354.4	309.303	0.042	0.046	325.825	R									
	120115C5MCtM049C30.txt	23.333	805.26	320.004	15.583	225.212	219.886	0.042	0.053	485.256	R									
	120115C5MCtM049C31.txt	23.75	653.709	325.351	25.5	392.178	347.772	0.042	0.066	328.358	R									
	120115C5MCtM049C32.txt	24	715.133	328.557	16.5	209.37	231.809	0.042	0.056	386.576	R									
	120115C5MCtM050C01.txt	23.417	922.374	321.074	21.833	312.828	300.732	0.042	0.103	601.3	R									
	120115C5MCtM050C02.txt	23.417	578.066	321.074	17.5	257.446	244.787	0.042	0.051	256.992	R									
	120115C5MCtM050C03.txt	23.75	935.953	325.351	21.75	289.341	299.66	0.042	0.099	610.602	R									
	120115C5MCtM050C04.txt	23.75	983.381	325.351	26	347.241	354.169	0.042	0.118	658.03	R									
	120115C5MCtM050C05.txt	23.333	694.322	320.004	24.833	343.317	339.237	0.042	0.063	374.318	R									
	120115C5MCtM050C06.txt	23.5	646.844	322.143	19.333	264.528	268.51	0.042	0.042	324.701	R									
	120115C5MCtM050C07.txt	23.083	563.138	316.795	25	363.428	341.371	0.042	0.042	246.343	R									
	120115C5MCtM050C08.txt	25.167	470.946	343.505	27	403.774	366.952	0.042	0.032	127.441	R									
"uasCLK/pdf,dicer"	120115C5MCtM050C09.txt	23.917	816.308	327.488	25.833	366.237	352.037	0.042	0.115	488.82	R	26	20	6	0	76.92307692	24.1417	0.117202056	280.3855	32.52671698
	120115C5MCtM050C10.txt	24.417	511.695	333.898	15.5	239.706	218.801	0.042	0.045	177.797	R									
	120115C5MCtM050C11.txt	24.25	555.997	331.762	26.083	355.986	355.235	0.042	0.065	224.235	R									
	120115C5MCtM050C12.txt	23.25	539.563	318.935	33.667	472.514	451.838	0.042	0.047	220.628	R									
	120115C5MCtM050C13.txt																			
	120115C5MCtM050C14.txt		437.98	330.694	22.5	336.927	309.303	0.042	0.023	107.286	W									
	120115C5MCtM050C15.txt	24	866.997	328.557	21.75	267.894	299.66	0.042	0.157	538.44	R									
	120115C5MCtM050C16.txt	24.5	1015.687	334.966	16.25	208.467	228.56	0.042	0.208	680.721	R									
	120115C5MCtM050C17.txt	24	520.119	328.557	26.167	380.78	356.301	0.042	0.055	191.562	R									
	120115C5MCtM050C18.txt		420.994	325.351	22.083	392.179	303.947	0.042	0.025	95.643	W									
	120115C5MCtM050C19.txt	24.75	707.14	338.169	23.167	369.258	317.865	0.042	0.051	368.971	R									
	120115C5MCtM050C20.txt		441.815	332.83	21.25	344.525	293.225	0.042	0.023	108.985	W									
	120115C5MCtM050C21.txt	23.75	576.924	325.351	14.25	227.925	202.493	0.042	0.057	251.573	R									
	120115C5MCtM050C22.txt	23.917	689.619	327.488	25.833	366.159	352.037	0.042	0.078	362.131	R									
	120115C5MCtM050C23.txt	24.333	878.394	332.83	21.75	298.722	299.66	0.042	0.167	545.564	R									
	120115C5MCtM050C24.txt	23.417	558.485	321.074	21.333	288.192	294.298	0.042	0.059	237.411	R									
	120115C5MCtM050C25.txt	24.833	605.839	339.237	23.083	337.738	316.795	0.042	0.076	266.602	R									
	120115C5MCtM050C26.txt		432.703	340.304	32.5	459.444	437.02	0.009	0.027	92.399	W									
	120115C5MCtM050C27.txt	25.083	808.48	342.438	26.5	373.228	360.563	0.042	0.069	466.042	R									
	120115C5MCtM050C28.txt		446.007	344.572	24.083	398.913	329.625	0.037	0.017	101.435	W									
	120115C5MCtM050C29.txt	24.417	466.542	333.898	20.5	328.225	283.564	0.042	0.019	132.644	R									
	120115C5MCtM050C30.txt		602.994	312.515	26.25	399.141	357.366	0.042	0.106	290.479	W									
	120115C5MCtM050C31.txt	23.5	651.576	322.143	22	330.217	302.876	0.042	0.069	329.433	R									
	120115C5MCtM050C32.txt	24.5	642.144	334.966	26.833	388.367	364.823	0.042	0.07	307.178	R									
	120115C5MCtM051C01.txt																			
	120115C5MCtM051C02.txt	24.25	482.229	331.762	25.417	392.826	346.706	0.009	0.02	150.467	R									
	120115C5MCtM051C03.txt	24.417	753.555	333.898	21.833	285.82	300.732	0.042	0.155	419.657	R									
	120115C5MCtM051C04.txt	23.333	453.924	320.004	25.583	369.3	348.839	0.042	0.027	133.92	R									
"uasPER-pdf,dicer"	120115C5MCtM051C05.txt	24.417	619.257	333.898	25.917	419.595	353.103	0.042	0.069	285.359	R	28	18	9	1	64.28571429	24.47683333	0.118181089	265.4076071	31.95161998
	120115C5MCtM051C06.txt	24.75	621.694	338.169	22.667	331.983	311.444	0.042	0.05	283.525	R									
	120115C5MCtM051C07.txt	24.5	468.518	334.966	23.167	342.29	317.865	0.042	0.029	133.552	R									
	120115C5MCtM051C08.txt	24.833	508.321	339.237	16.833	259.369	236.138	0.009	0.039	169.084	R									
	120115C5MCtM051C09.txt		528.684	343.505	23	394.394	315.725	0.042	0.039	185.179	W									
	120115C5MCtM051C10.txt	25.333	860.349	345.639	14	189.379	199.225	0.037	0.09	514.71	R									
	120115C5MCtM051C11.txt	24.333	806.351	332.83	26.5	428.657	360.563	0.042	0.068	473.521	R									
	120115C5MCtM051C12.txt		444.695	336.034	18.417	290.574	256.659	0.009	0.023	108.661	W									
	120115C5MCtM051C13.txt		573.632	331.762	22	381.044	302.876	0.042	0.049	241.87	W									
	120115C5MCtM051C14.txt		375.263	332.83	24.083	354.388	329.625	0.009	0.017	42.433	W									
	120115C5MCtM051C15.txt	25.083	860.175	342.438	27.417	355.307	372.274	0.042	0.102	517.737	R									
	120115C5MCtM051C16.txt		450.17	333.898	26.5	409.221	360.563	0.042	0.029	116.272	W									
	120115C5MCtM051C17.txt		480.569	429.606	32.333	470.069	434.902	0.009	0.014	50.963	AR									
	120115C5MCtM051C18.txt		631.04	324.282	21.667	293.927	298.588	0.042	0.09	306.758	W									
	120115C5MCtM051C19.txt	23.167	483.632	317.865	19.833	299.245	274.965	0.009	0.019	165.767	R									
	120115C5MCtM051C20.txt		483.469	340.304	21.333	335.085	294.298	0.009	0.034	143.165	W									
	120115C5MCtM051C21.txt	23.917	492.943	327.488	23.25	365.147	318.935	0.042	0.028	165.455	R									
	120115C5MCtM051C22.txt	24.917	553.615	340.304	32.75	469.225	440.197	0.042	0.037	213.311	R									
	120115C5MCtM051C23.txt	24.417	732.83	333.898	26.333	351.582	358.432	0.042	0.083	398.932	R									
	120115C5MCtM051C24.txt	24.75	799.514	338.169	22.667	335.02	311.444	0.042	0.093	461.345	R									
	120115C5MCtM051C25.txt	23.917	806.002	327.488	31.667	428.41	426.427	0.042	0.103	478.514	R									
	120115C5MCtM051C26.txt		491.346	341.371	25.667	378.786	349.905	0.009	0.037	149.975	W									
	120115C5MCtM051C27.txt	24.5	702.126	334.966	22.917	323.835	314.655	0.042	0.071	367.16	R									
	120115C5MCtM051C28.txt	24.25	567.052	331.762	25.917	357.675	353.103	0.042	0.079	235.29	R									
	120115C5MCtM051C29.txt	24.583	676.522	336.034	22.583	333.55	310.374	0.042	0.088	340.488	R									
	120115C5MCtM051C30.txt		422.151	329.625	21.917	369.832	301.804	0.009	0.03	92.526	W									
	120115C5MCtM051C31.txt	24.583	1016.996	336.034	26.75	358.251	363.758	0.042	0.137	680.962	R									
	120115C5MCtM051C32.txt	24.333	441.729	332.83	23.417	389.953	321.074	0.042	0.027	108.899	R									
