190115BesCtM038C25   06 Jan 2015
3897
5
0000
0
0
0
0
0
0
0
0
0
0
0
0
0
0
0
0
0
0
0
0
0
0
0
0
0
0
0
0
0
0
0
0
0
0
0
0
0
0
0
0
0
0
0
0
0
0
0
0
0
0
0
0
0
0
0
0
0
0
0
0
0
0
0
0
0
0
0
0
0
0
0
0
0
0
0
0
0
0
0
0
0
0
0
0
0
0
0
0
0
0
0
0
0
0
0
0
0
0
0
0
0
0
0
0
0
0
0
0
0
0
0
0
0
0
0
0
0
0
0
0
0
0
0
0
0
0
0
0
0
0
0
0
0
0
0
0
0
0
0
0
0
0
0
0
0
0
0
0
0
0
4
18
14
32
24
30
19
7
1
0
16
31
21
4
0
0
19
0
0
0
0
0
0
0
0
19
0
0
0
0
0
0
0
0
0
24
21
0
2
1
0
0
4
5
0
0
0
0
32
68
24
15
32
0
0
0
0
0
0
0
0
0
0
0
0
0
0
0
10
10
0
0
0
0
0
0
0
3
21
18
0
0
0
5
20
20
4
18
21
7
0
21
28
30
34
31
24
46
20
17
42
15
4
0
7
11
0
0
0
0
0
0
0
0
0
0
0
0
0
0
0
0
0
0
0
0
0
0
0
0
31
29
25
3
0
0
0
0
0
0
0
0
0
0
0
0
0
0
0
0
0
0
0
0
0
0
0
0
0
0
29
27
19
35
8
0
0
0
0
17
0
0
0
0
0
0
0
0
0
0
0
0
0
0
17
20
23
17
16
0
0
0
0
0
0
0
0
0
0
0
0
0
0
0
0
0
0
0
0
0
0
0
22
34
15
26
11
0
0
0
0
0
0
0
4
18
25
9
1
8
16
21
6
0
0
16
19
36
28
13
17
15
56
12
7
11
8
17
7
3
11
15
7
9
8
3
0
5
4
0
0
0
24
0
0
0
17
0
0
0
0
4
0
0
0
0
9
13
47
0
0
0
0
8
0
0
0
0
0
0
2
4
1
0
0
1
13
7
0
1
1
2
2
2
0
2
0
0
1
0
22
27
20
26
0
0
0
2
2
1
34
0
2
0
0
0
0
1
0
0
0
0
0
0
0
13
19
44
2
0
0
0
0
0
0
0
0
0
0
0
0
0
17
23
0
0
0
0
0
0
0
0
0
4
2
0
0
0
19
4
10
1
20
6
2
44
19
16
10
19
31
29
28
24
19
29
26
26
21
8
8
16
15
0
0
0
0
0
0
0
0
0
0
0
0
0
0
0
0
0
0
0
0
0
0
0
0
2
0
0
0
0
0
0
0
0
0
10
26
26
25
13
0
0
0
0
1
0
0
2
0
0
0
0
0
0
0
0
0
0
0
0
39
0
0
0
0
0
4
31
19
25
13
0
0
0
0
0
0
0
0
0
0
0
0
0
0
0
0
0
0
0
0
0
0
0
0
0
0
0
0
33
0
0
0
0
0
25
26
23
27
14
0
0
0
0
0
20
6
0
0
0
0
0
0
0
0
10
21
28
16
4
0
13
27
21
12
23
22
8
11
16
6
14
9
4
2
56
18
6
0
0
7
10
0
2
0
0
0
0
10
0
0
36
13
0
0
0
0
41
12
0
0
0
0
0
9
4
0
0
0
0
0
4
0
0
0
0
0
0
0
0
0
0
0
0
6
22
52
2
0
0
0
0
0
0
0
0
0
0
57
8
0
0
0
0
0
0
1
0
0
0
0
0
0
0
0
0
0
0
0
1
0
0
0
0
0
0
0
0
0
6
33
27
0
9
0
0
0
0
11
0
0
0
0
0
0
1
0
0
18
11
1
8
21
9
11
3
6
2
0
12
20
14
5
59
9
14
30
28
29
23
24
20
31
26
20
19
0
2
6
0
0
0
0
0
0
0
0
0
0
0
0
0
0
0
0
0
0
0
0
0
0
0
0
0
0
0
0
0
0
0
0
0
0
0
0
0
15
28
28
4
0
0
0
0
0
0
0
0
0
29
69
10
0
0
0
0
0
0
0
0
0
0
0
0
0
0
0
0
0
0
0
0
0
0
0
21
22
17
24
1
0
0
1
0
0
0
1
1
0
1
17
7
0
0
0
0
0
18
0
0
0
0
23
22
10
0
0
0
12
19
30
18
0
0
0
0
0
8
10
0
0
0
0
14
52
111
1
14
11
8
15
13
19
31
58
11
16
11
11
26
11
17
12
14
12
39
23
0
0
0
0
25
2
1
10
6
0
0
0
13
106
2
2
0
0
0
0
0
0
0
0
0
0
0
0
0
0
0
0
0
0
0
0
0
6
0
0
0
0
3
10
0
0
0
42
0
0
0
0
0
0
0
0
10
13
6
0
0
0
0
0
79
4
1
2
5
2
13
0
0
0
0
0
0
0
0
2
33
16
1
0
11
41
0
1
0
0
52
9
1
0
0
0
0
0
2
7
4
0
0
0
12
22
0
0
18
22
0
0
8
4
11
13
10
7
18
23
10
8
8
16
9
12
22
35
26
30
31
20
20
31
25
18
14
23
2
0
0
0
0
0
0
0
0
0
0
0
0
0
0
0
0
0
0
0
0
0
0
0
0
0
0
0
0
0
0
0
0
0
0
0
0
0
0
0
0
0
0
0
11
35
29
16
0
0
0
0
0
0
0
0
42
33
15
0
0
0
0
0
8
0
1
0
1
0
0
0
0
6
13
0
0
0
0
0
0
0
13
18
8
0
0
0
0
0
0
0
0
0
0
0
0
0
0
0
0
0
0
15
33
22
111
0
0
0
0
11
20
33
105
0
17
4
0
0
0
0
0
12
79
8
0
0
0
0
12
20
36
20
0
9
10
18
15
8
13
0
4
0
0
11
17
7
0
20
15
4
2
0
0
0
9
12
10
0
0
0
0
0
0
0
6
21
16
32
0
3
5
1
0
0
0
0
0
6
19
16
6
0
0
0
0
0
0
0
0
0
5
28
52
107
0
0
0
0
0
12
15
20
6
0
0
2
2
0
12
8
0
0
0
0
15
18
82
17
6
0
0
6
73
56
0
1
3
20
15
0
9
7
10
8
4
2
18
14
15
0
1
15
2
11
67
12
1
14
3
17
14
8
16
13
16
11
12
51
18
17
21
23
14
11
11
28
7
0
17
21
9
11
15
20
32
18
18
8
30
16
11
5
15
4
10
1
78
15
14
0
0
0
0
0
0
0
0
0
0
14
13
0
0
0
0
0
0
0
0
0
0
0
0
0
0
0
0
0
0
0
0
0
0
0
0
0
0
0
0
0
0
0
18
27
20
0
0
0
0
0
0
0
0
0
0
0
0
0
0
3
27
22
5
0
0
0
0
0
0
0
0
0
0
0
0
0
0
0
0
0
0
0
0
0
0
1
1
0
0
0
0
0
0
0
17
34
21
3
2
1
18
14
2
0
0
3
46
17
15
30
9
0
0
10
7
0
0
0
19
17
0
1
2
3
0
9
11
10
9
4
0
0
0
19
23
9
0
0
0
0
0
6
0
0
0
0
9
23
18
17
20
0
1
0
6
0
0
0
0
0
0
0
21
45
9
0
0
0
0
7
13
18
7
0
0
0
4
14
0
0
0
0
34
19
4
0
0
12
17
0
0
0
2
15
140
0
0
11
16
7
0
0
0
28
15
0
0
12
19
14
0
0
7
1
9
17
14
17
0
7
20
8
15
0
0
8
14
18
8
8
19
56
8
13
0
10
16
7
17
16
11
20
21
15
9
13
15
24
0
16
14
12
14
11
10
6
18
21
2
16
9
16
3
13
10
14
10
12
4
10
4
0
18
0
5
0
13
3
1
8
0
0
3
13
1
0
0
0
8
15
0
0
0
0
0
2
0
0
23
25
3
0
0
0
0
0
0
0
0
0
0
0
0
0
0
0
0
0
0
0
0
0
0
0
0
0
0
0
0
0
0
1
24
25
19
1
0
0
0
0
0
0
0
0
0
0
0
0
0
0
0
0
0
0
0
0
0
0
0
0
0
0
0
0
0
0
0
0
0
0
0
0
0
0
0
0
9
20
26
29
27
0
0
0
6
15
9
7
0
5
8
0
0
16
11
0
0
5
0
0
0
0
0
2
18
12
0
0
0
8
11
0
0
0
6
34
0
1
0
0
1
10
23
18
11
0
0
0
0
0
1
0
0
0
0
0
1
14
19
17
5
0
0
0
0
14
35
23
3
0
0
0
0
8
14
18
0
0
0
0
0
33
9
14
32
18
2
0
0
0
0
0
12
19
42
0
0
1
1
22
16
0
0
1
0
10
28
0
0
6
15
6
0
6
11
20
0
0
18
8
0
0
17
22
0
15
4
9
14
7
0
7
8
18
7
9
36
11
0
9
16
20
9
0
17
14
9
13
7
14
29
6
20
11
5
26
46
7
16
4
16
0
12
8
15
3
7
7
0
12
26
10
6
0
0
4
0
0
0
0
19
11
1
1
7
0
0
0
0
54
9
7
0
0
0
0
0
0
0
0
0
0
2
31
1
3
0
1
0
0
32
0
0
14
25
4
0
0
0
0
0
0
0
0
0
0
0
0
0
0
0
0
0
0
0
0
0
0
0
0
0
0
0
0
0
2
23
25
14
0
0
0
0
0
0
0
0
0
12
21
2
0
0
0
0
3
0
0
15
17
0
1
23
6
20
7
0
0
0
15
20
1
0
4
5
0
0
1
21
8
0
0
7
23
4
0
0
0
12
3
0
0
0
14
87
0
0
10
0
5
11
51
0
0
0
1
0
3
0
0
0
0
0
0
0
0
4
0
0
0
5
42
14
21
21
9
0
0
0
0
0
0
0
0
23
10
0
0
0
0
0
0
0
0
0
3
13
46
76
0
13
24
17
2
0
0
8
12
0
0
0
0
4
26
30
18
7
0
0
0
13
22
5
7
16
0
0
0
16
26
14
4
0
7
6
21
10
1
3
21
11
3
0
17
8
14
41
12
5
15
9
0
16
16
18
12
13
1
17
24
9
11
4
5
26
15
16
12
6
17
9
9
12
11
10
14
1
4
23
7
0
19
0
11
9
0
7
6
0
0
0
4
10
0
0
2
4
7
0
0
0
11
4
0
0
0
0
0
0
1
0
0
0
0
0
0
0
0
0
0
0
39
21
0
0
0
0
0
0
0
1
0
0
0
1
0
0
0
0
0
0
0
0
0
0
0
0
0
0
0
0
0
0
0
0
56
0
0
1
3
27
2
0
1
0
0
0
0
0
0
0
0
0
7
16
19
6
0
0
0
0
0
0
0
0
0
0
0
0
3
21
20
14
0
0
0
14
11
0
0
0
0
5
14
0
0
0
9
3
0
0
7
0
0
0
7
0
0
0
4
14
6
0
0
9
22
24
0
0
0
0
0
9
0
0
0
0
0
0
0
19
47
18
0
0
0
3
0
1
6
7
0
0
0
0
0
4
17
40
0
0
1
0
0
0
0
8
7
0
0
0
0
6
21
10
0
0
0
0
1
21
24
9
0
0
0
15
17
29
18
31
0
1
0
15
13
12
9
1
1
0
15
12
12
5
0
0
26
14
12
0
0
0
16
5
0
14
12
3
9
4
0
3
13
16
12
2
6
15
0
9
24
3
4
12
1
11
17
15
12
5
26
9
0
12
12
1
25
3
0
15
6
10
11
3
13
4
0
0
0
10
0
0
0
0
0
8
3
0
0
0
1
7
0
0
0
0
0
0
13
23
4
0
0
0
0
0
0
0
0
0
0
1
0
0
0
0
4
0
1
3
2
1
50
4
0
0
5
0
0
0
0
0
0
0
0
0
0
0
2
10
0
0
2
22
123
27
0
0
0
0
0
1
0
0
0
0
0
0
0
0
0
0
0
0
0
0
0
0
0
0
0
0
0
0
0
0
0
0
0
0
0
8
31
25
23
14
0
0
0
11
0
0
0
12
17
0
0
1
5
12
0
0
5
10
4
0
0
0
7
13
0
0
0
0
1
0
0
0
0
8
21
0
1
0
2
19
13
2
0
0
0
0
0
2
16
17
10
0
0
0
0
0
0
0
4
0
0
0
0
9
37
0
0
0
0
0
0
11
19
25
9
0
0
0
0
0
0
0
20
7
15
0
0
1
0
7
15
10
0
0
0
3
13
13
0
0
0
0
0
38
16
10
1
0
0
29
12
17
4
0
0
0
1
2
21
14
4
0
7
19
15
0
0
14
16
12
13
2
0
8
18
12
1
8
19
5
0
16
13
6
0
7
20
16
20
5
8
12
92
19
2
21
13
4
0
0
20
14
0
0
4
9
0
2
0
5
30
19
0
0
9
18
8
0
0
0
0
0
0
10
11
0
0
0
0
0
0
0
0
3
3
0
0
0
0
0
0
4
2
0
0
0
0
0
0
0
0
0
0
0
0
0
0
0
0
2
23
18
59
35
0
0
0
0
0
0
0
0
1
0
0
0
26
23
0
0
0
0
0
0
8
12
4
0
0
0
0
0
0
0
0
0
0
0
0
0
0
0
0
0
0
0
0
0
0
0
0
0
0
13
25
10
0
0
0
0
8
5
0
0
0
0
18
14
6
0
0
0
1
0
0
0
14
14
2
0
0
0
0
0
15
6
20
0
0
0
0
0
3
30
14
20
13
8
1
0
0
0
0
0
0
0
0
0
0
0
0
0
0
0
0
0
34
21
0
0
0
0
1
0
0
0
2
0
0
0
0
0
0
0
12
29
13
14
15
2
0
0
0
0
0
0
38
39
0
0
12
16
18
10
4
0
0
0
0
0
0
0
0
0
0
1
21
21
31
12
7
0
0
7
11
13
14
6
1
0
0
13
15
14
15
0
0
4
16
16
7
0
17
14
23
12
25
20
7
9
0
16
17
7
0
0
13
22
13
9
2
6
15
15
16
7
13
8
3
0
10
3
0
0
8
18
9
0
0
0
0
0
0
0
0
0
0
0
2
6
0
12
19
12
0
0
0
14
27
8
0
0
8
0
0
0
0
0
0
0
0
0
0
0
0
4
19
11
0
0
0
0
0
0
0
0
0
0
0
0
0
0
0
15
21
1
0
1
0
0
0
1
0
0
0
0
0
1
16
51
0
0
0
0
0
0
0
1
0
0
0
0
0
0
0
10
12
0
0
0
0
3
9
10
27
15
0
0
2
0
0
0
0
0
0
0
5
5
0
0
0
12
19
19
0
0
0
0
0
0
0
0
0
0
11
0
0
0
0
0
0
0
0
0
0
6
2
25
19
0
0
0
0
0
0
0
0
0
1
0
0
3
3
0
0
0
0
0
0
0
0
2
17
20
14
9
0
0
0
0
0
0
0
0
0
0
0
0
0
0
0
0
0
0
0
22
24
16
18
0
0
0
0
0
0
0
2
0
0
0
0
0
0
0
0
0
0
0
0
0
15
18
13
15
10
1
0
0
0
0
13
13
11
3
0
0
3
70
18
2
0
0
10
14
28
0
0
15
17
13
6
2
0
0
7
14
20
10
6
0
4
14
11
0
6
21
51
14
20
6
0
0
0
10
13
1
0
0
0
49
27
0
4
27
16
0
0
0
0
0
0
0
0
0
0
0
0
0
0
1
16
15
2
0
0
0
0
0
0
0
0
0
0
0
0
0
0
0
0
0
0
0
0
17
15
1
0
0
0
0
0
0
0
0
0
0
0
0
0
0
0
0
0
0
0
0
0
0
0
0
0
0
0
22
32
82
0
0
0
0
0
0
0
1
0
0
0
0
112
0
0
0
0
1
0
0
0
0
0
0
1
12
16
20
105
0
0
1
0
0
0
4
14
0
0
0
0
0
6
6
0
0
0
0
0
0
0
14
18
3
0
0
0
0
0
0
0
0
0
0
0
0
0
0
0
0
0
0
0
0
0
0
0
0
0
10
31
20
12
14
12
3
0
0
0
0
1
0
0
1
0
32
0
0
0
0
5
17
5
0
0
0
0
0
0
0
0
5
17
20
14
2
0
0
0
0
0
0
0
0
0
0
0
0
0
4
20
12
0
0
0
0
0
0
0
0
17
14
119
0
0
0
0
9
16
9
7
3
0
0
0
0
0
0
0
19
13
9
13
12
15
1
0
0
1
26
6
0
6
15
9
13
12
3
0
0
10
17
11
12
12
2
0
23
32
7
6
3
10
0
10
6
6
0
0
0
0
0
0
0
15
25
0
0
0
0
0
0
0
0
0
0
0
0
0
0
0
0
0
4
23
2
0
0
0
0
0
0
0
0
0
0
0
0
0
0
0
0
0
0
0
0
0
0
0
0
0
0
0
0
0
0
0
0
0
0
0
0
0
0
0
0
0
0
0
0
0
0
7
0
0
0
0
0
0
0
0
0
0
0
0
0
0
0
0
0
0
0
0
0
0
0
0
0
0
0
0
0
0
0
4
0
0
0
0
0
13
26
25
39
0
14
9
0
0
0
1
2
0
0
0
0
0
0
2
19
13
11
4
0
0
0
0
0
0
0
0
0
0
0
0
0
0
0
0
13
24
0
0
0
0
0
0
0
0
0
0
0
0
0
0
0
0
0
9
40
18
7
0
0
0
0
0
0
0
0
0
0
0
0
0
0
0
16
26
15
0
0
0
0
0
0
0
0
0
0
0
0
0
0
0
0
27
20
14
42
4
0
0
0
0
0
0
0
0
1
6
18
14
19
0
0
0
0
0
16
47
15
14
7
0
0
0
0
6
24
28
14
12
7
0
0
18
14
17
11
4
0
2
23
18
5
10
8
6
9
2
9
20
18
2
9
23
13
0
2
14
9
0
0
0
0
5
0
0
0
0
0
0
0
0
