190115BesCtM039C27   06 Jan 2015
3897
5
0000
0
0
0
0
0
0
0
0
0
0
0
0
0
0
0
0
0
0
0
0
0
0
0
0
0
0
0
0
0
0
0
0
0
0
0
0
0
0
0
0
0
0
0
0
0
0
0
0
0
0
0
0
0
0
0
0
0
0
0
0
0
0
0
0
0
0
0
0
0
0
0
0
0
0
0
0
0
0
0
0
0
0
0
0
0
0
0
0
0
0
0
0
0
0
0
0
0
0
0
0
0
0
0
0
0
0
0
0
0
0
0
0
0
0
0
0
0
0
0
0
0
0
0
0
0
0
0
0
0
0
0
0
0
0
0
0
0
0
0
0
0
0
0
0
0
0
0
0
0
0
11
21
19
18
18
18
18
16
24
17
23
13
6
19
31
14
22
10
0
17
16
19
20
38
15
16
17
49
23
25
15
15
2
6
0
0
18
22
20
23
19
17
6
34
0
0
0
0
0
0
0
0
0
0
36
26
25
20
16
16
1
0
0
0
5
20
22
26
11
18
18
14
15
14
14
46
9
23
19
22
16
12
12
42
21
29
16
18
21
13
18
31
35
35
38
32
35
33
34
31
36
32
29
31
34
28
30
25
33
20
22
2
0
0
0
0
0
0
7
0
0
0
0
0
0
0
0
0
0
0
0
0
0
27
13
0
0
0
0
0
1
0
0
0
24
37
31
30
26
24
24
22
26
18
24
27
19
23
20
25
8
0
0
0
0
0
0
0
0
0
0
0
0
0
0
0
0
0
0
0
0
0
0
0
0
0
0
0
0
0
0
0
0
0
0
0
0
0
0
31
40
26
24
25
28
18
26
9
0
0
0
0
0
0
0
0
0
0
0
0
0
0
0
0
0
0
0
0
0
0
0
38
31
24
19
19
50
19
15
17
12
25
15
20
14
18
16
11
15
18
13
18
17
9
17
21
13
0
0
0
20
23
16
21
73
1
8
24
14
15
11
0
0
0
0
0
0
0
0
5
16
16
13
0
0
0
0
0
1
15
18
4
0
0
0
0
0
0
0
0
0
0
11
21
0
0
0
0
12
21
22
16
10
0
0
0
0
0
0
0
0
0
0
0
0
0
0
0
21
15
7
0
0
0
0
0
0
0
0
0
0
0
0
0
0
0
0
0
0
0
0
1
25
13
9
0
0
0
0
0
15
14
15
18
13
7
18
13
10
18
14
14
15
9
25
22
17
17
17
24
33
34
30
25
35
25
28
26
25
25
23
25
21
16
0
0
4
0
0
0
0
2
17
2
16
2
31
2
1
0
1
7
0
21
3
1
0
1
2
0
0
22
0
1
0
0
0
5
0
0
0
0
0
5
18
2
0
0
0
0
0
0
0
0
13
26
23
22
21
24
19
28
24
20
15
10
0
0
0
0
0
0
0
0
0
0
52
1
0
0
0
0
0
0
0
0
0
0
1
3
0
0
0
0
0
0
0
90
0
0
0
0
1
0
0
0
0
0
1
0
0
0
7
30
25
24
19
24
24
13
19
25
12
2
0
0
0
0
0
0
0
0
0
12
34
19
17
24
20
35
20
22
19
16
16
15
13
16
18
22
13
11
47
8
11
14
10
0
0
0
0
2
0
0
0
16
15
17
23
4
0
0
0
0
5
19
16
2
1
1
1
0
1
0
16
2
0
0
1
0
0
0
3
0
0
0
0
3
0
0
0
0
0
0
8
0
0
0
0
0
0
0
6
0
0
0
0
0
0
0
0
1
6
4
22
18
18
0
0
63
3
1
1
4
7
6
0
0
0
1
4
27
19
15
2
7
0
0
0
0
0
4
12
0
0
5
21
11
1
0
0
10
18
5
27
13
14
18
6
13
13
15
16
15
16
17
13
24
32
33
30
25
28
28
25
26
23
20
21
27
24
23
19
7
0
0
0
0
0
0
0
0
0
0
0
0
0
0
0
0
0
0
0
0
0
0
0
0
0
0
0
0
0
0
0
0
0
0
0
0
0
0
0
0
0
0
0
0
0
0
0
0
0
0
0
0
8
27
24
26
24
21
21
19
18
49
2
0
0
0
0
0
0
0
0
0
0
0
0
0
0
0
0
0
0
0
0
0
0
0
0
0
0
0
0
0
0
0
0
7
27
21
24
65
20
12
17
18
8
0
0
0
0
0
0
0
0
0
0
0
0
21
19
23
25
20
18
22
18
21
17
15
20
14
15
15
19
14
17
18
16
15
16
14
17
14
13
9
13
3
0
1
1
0
0
0
0
1
15
16
0
0
0
0
0
0
0
0
0
0
0
0
17
0
0
0
0
0
0
0
0
0
0
0
0
0
0
0
0
0
0
0
0
0
0
0
0
0
0
0
0
0
0
0
0
0
0
0
0
0
0
0
0
0
0
2
0
0
0
1
1
0
3
0
0
6
2
0
0
0
0
19
24
20
12
18
10
1
0
0
0
0
0
2
3
0
7
21
0
48
0
1
0
11
5
5
18
12
9
79
11
10
9
8
10
12
20
14
21
12
16
15
10
16
17
22
32
27
29
27
29
22
24
25
24
20
31
21
15
19
17
12
0
0
0
0
0
0
0
0
0
0
0
0
0
0
0
0
0
0
0
0
0
0
0
0
0
0
0
0
0
0
0
0
0
0
0
0
0
0
0
0
0
0
0
0
0
0
0
0
0
0
0
0
0
0
0
0
0
2
23
8
0
0
7
0
0
0
0
7
3
3
8
0
0
0
2
0
2
3
20
23
20
18
18
16
16
18
19
0
140
0
0
0
0
0
0
1
0
0
0
0
0
5
0
0
0
0
0
45
7
0
0
0
17
26
20
19
19
17
16
16
17
12
15
15
14
12
5
0
0
0
0
0
0
0
6
21
21
15
14
17
12
16
10
15
19
11
15
21
11
0
0
0
0
0
0
0
0
0
13
22
19
18
11
19
12
17
16
11
6
0
0
0
0
0
0
0
0
0
0
1
20
18
19
15
12
15
9
2
0
0
3
0
0
1
0
0
0
36
1
14
0
1
1
5
11
0
0
0
13
0
0
0
25
0
0
15
23
16
20
17
11
13
28
17
14
19
36
19
15
12
14
23
11
10
14
12
14
2
19
12
11
44
15
20
15
3
5
14
9
16
18
10
13
11
13
20
11
16
13
7
24
15
13
16
37
20
11
13
57
23
11
15
44
15
16
17
13
12
20
15
14
13
17
15
8
20
15
12
13
12
14
24
41
12
14
11
15
15
47
23
3
0
0
0
0
0
0
0
0
0
0
0
0
0
0
0
0
0
0
8
7
0
0
0
0
0
0
0
0
0
0
0
0
0
0
0
2
17
13
5
5
2
12
0
0
0
0
0
0
9
37
0
0
0
0
0
6
16
0
0
0
0
0
0
0
0
0
0
0
0
0
11
0
0
0
0
1
0
0
17
14
8
0
0
1
0
5
10
9
17
11
24
25
19
17
19
14
30
19
17
14
15
15
14
19
6
0
0
0
0
0
0
0
17
20
16
10
21
14
19
18
16
17
25
8
0
0
0
0
0
0
0
0
0
16
20
15
17
10
12
16
11
9
0
0
0
0
0
0
0
0
23
17
12
12
16
14
7
11
9
0
0
0
0
0
0
0
0
0
0
3
0
0
0
0
0
0
0
0
10
23
21
26
18
16
13
12
12
13
10
0
0
0
0
0
0
10
17
19
22
17
15
12
14
15
18
76
18
18
8
0
15
13
13
12
14
19
15
19
15
13
16
20
11
12
5
19
15
9
55
19
14
34
23
14
15
16
43
17
17
8
19
18
15
20
14
16
18
68
15
15
13
14
18
18
16
10
16
20
16
18
18
14
17
16
23
20
18
16
16
12
19
15
5
16
13
15
13
18
12
14
8
0
0
0
0
0
0
0
0
0
10
0
0
0
0
0
0
0
0
0
0
0
0
0
0
0
0
0
39
2
0
0
7
2
9
3
18
2
0
0
1
0
0
15
12
3
0
48
86
1
0
5
9
5
0
0
4
1
0
0
0
2
23
12
0
5
0
0
0
0
7
8
11
3
0
0
0
0
0
0
0
0
12
23
37
21
21
23
18
20
19
15
15
17
16
15
12
0
0
0
0
0
0
0
0
0
0
0
0
24
18
17
14
20
17
12
10
11
28
12
14
35
0
0
0
13
16
14
23
16
12
12
7
23
0
0
60
0
1
4
0
0
0
0
8
8
0
0
0
0
1
17
24
21
23
23
21
16
17
20
17
15
15
14
14
21
14
9
0
0
0
0
0
0
0
0
0
0
15
23
17
17
17
12
11
23
12
10
0
0
0
0
0
0
0
3
21
18
19
13
17
25
7
0
1
27
17
17
17
19
14
20
17
10
38
17
12
20
9
20
15
19
12
13
12
12
11
14
5
16
19
18
13
18
14
33
21
13
17
8
14
12
19
14
22
14
87
18
17
17
12
21
14
17
8
34
22
20
16
30
17
16
20
18
15
19
18
23
11
14
16
3
5
0
0
0
0
0
0
0
0
0
0
0
0
0
0
0
0
10
20
35
45
0
0
0
0
0
0
0
0
16
18
13
7
0
0
0
21
10
0
4
16
0
0
0
0
0
15
6
0
0
0
0
0
2
12
25
22
21
19
20
45
19
19
17
18
15
11
0
0
0
0
0
0
0
0
0
0
0
0
0
0
0
0
0
0
0
0
0
0
0
0
0
0
0
0
5
38
21
18
15
21
35
14
17
18
14
0
0
0
0
0
0
0
7
0
0
0
0
0
0
12
23
20
19
18
13
13
12
18
16
14
14
14
18
1
0
0
0
0
0
0
0
0
0
3
22
19
18
18
18
17
15
13
14
11
9
3
0
0
0
0
0
0
0
0
0
8
27
1
1
1
1
0
0
0
1
2
0
0
0
0
0
50
22
17
22
20
16
15
16
13
3
0
0
0
0
0
0
0
0
1
25
28
15
20
26
18
13
1
0
0
0
23
18
18
18
14
14
18
12
11
29
11
8
17
31
18
15
14
14
14
1
13
15
20
20
9
5
22
12
17
18
15
21
21
16
17
9
19
18
26
12
14
18
20
16
13
19
18
18
46
19
18
13
14
17
12
12
15
15
13
15
15
11
14
10
18
15
3
21
25
31
0
0
0
0
0
0
0
0
0
0
0
0
24
0
0
0
0
0
0
0
0
0
0
0
0
0
0
0
21
3
3
3
1
1
0
1
11
2
0
1
5
0
0
0
0
0
0
2
10
12
1
0
1
53
51
21
0
0
0
3
9
1
0
0
0
0
0
0
0
15
19
2
0
0
3
7
0
0
0
0
0
0
0
0
0
0
0
0
0
9
16
10
0
0
0
7
13
3
0
0
0
0
0
41
18
20
19
20
17
13
23
15
15
14
12
0
0
0
0
0
0
16
18
13
15
15
12
13
11
13
11
12
14
13
9
0
0
0
0
0
0
0
0
0
2
28
19
18
18
17
17
10
12
14
9
10
0
0
0
0
0
0
0
0
0
0
0
0
0
0
0
0
0
0
0
13
23
21
25
17
14
17
15
15
16
17
12
43
1
0
15
0
0
0
0
2
19
18
16
7
0
16
10
12
12
14
16
3
13
14
18
4
0
4
19
12
16
13
15
8
4
35
18
16
14
5
7
12
14
10
8
7
17
13
11
12
13
12
11
14
12
12
15
18
20
12
17
15
13
8
18
17
17
30
24
16
30
15
17
14
13
14
17
21
16
4
18
19
15
13
9
55
17
17
16
11
8
17
8
44
144
16
10
13
15
35
18
16
11
0
21
16
8
11
9
0
0
0
0
20
17
9
0
0
0
19
18
4
0
0
0
0
0
0
0
0
0
0
0
0
0
0
0
0
0
0
0
0
0
0
0
0
0
0
0
0
0
0
0
8
0
0
12
4
0
2
8
2
50
1
0
0
0
4
6
0
0
0
0
11
0
0
0
0
14
2
2
1
1
0
0
0
0
0
2
18
34
85
3
39
41
3
2
1
28
11
12
24
22
22
18
15
10
16
14
0
0
0
0
11
17
15
14
8
12
12
0
0
0
0
0
0
11
18
13
2
0
0
0
0
0
0
0
5
0
13
0
3
0
2
1
0
1
30
28
17
19
13
6
0
0
0
0
0
0
0
0
0
1
17
13
15
23
7
0
0
0
0
0
0
0
0
0
0
0
0
0
10
23
18
16
17
1
139
0
0
0
0
10
16
15
16
13
11
11
0
0
0
8
27
15
13
13
15
10
40
2
8
13
33
13
9
13
17
11
8
10
12
12
16
14
12
14
7
11
14
12
11
6
13
16
16
10
10
9
38
1
16
17
13
15
18
7
17
16
47
4
16
18
12
8
14
6
18
19
11
14
18
18
20
20
19
14
11
7
0
22
18
14
11
11
14
14
16
13
10
16
14
9
99
17
8
0
0
0
0
0
0
0
0
0
0
0
0
0
0
0
0
0
0
14
0
0
0
0
0
0
0
0
0
0
0
0
0
0
0
0
0
0
0
0
0
0
0
0
0
3
19
7
76
1
1
0
0
0
0
0
0
1
10
0
0
0
0
9
5
0
0
15
0
0
0
0
0
0
0
0
0
0
0
0
0
28
0
0
0
0
0
0
0
0
0
20
27
18
15
19
16
18
11
17
10
14
16
7
0
0
0
0
0
0
0
18
15
6
0
0
0
5
14
0
0
0
0
0
0
0
0
0
0
0
7
21
19
14
15
13
4
0
0
0
0
0
0
13
20
7
0
0
0
0
0
0
0
0
0
0
0
13
16
17
0
0
0
0
0
0
0
0
0
0
0
0
0
9
17
19
15
14
12
13
13
0
0
0
0
0
0
10
20
20
14
9
8
0
0
0
9
16
16
15
15
13
12
13
0
0
0
18
19
16
15
13
19
11
6
16
12
2
0
9
19
22
14
8
12
13
13
12
54
19
15
7
13
12
18
16
15
14
13
13
16
13
15
12
23
13
12
9
14
0
10
20
18
18
13
11
13
9
13
15
17
16
14
15
0
18
23
19
7
13
18
12
13
8
0
0
21
16
12
15
16
14
18
8
0
10
20
11
15
9
16
6
44
15
11
3
2
0
0
0
0
0
0
0
0
0
0
0
0
0
0
0
0
0
0
0
0
0
0
0
0
0
0
0
0
0
0
5
6
0
0
0
0
0
0
0
0
0
0
0
0
0
0
4
14
0
0
0
1
9
2
1
0
0
0
0
0
0
0
22
7
0
2
14
0
0
0
0
0
0
0
0
0
16
10
2
1
0
1
3
101
22
24
19
18
14
17
16
29
14
0
0
0
0
0
0
0
0
0
0
2
19
20
0
0
0
0
0
0
0
0
0
3
21
16
16
16
14
10
16
6
0
0
0
0
0
0
0
0
0
0
0
148
13
0
0
0
0
0
0
2
1
8
3
16
0
1
0
2
1
0
5
25
0
4
0
0
0
0
0
1
3
0
0
0
0
9
33
21
24
20
21
20
13
11
14
23
0
0
0
0
0
0
3
28
13
15
15
24
15
15
12
11
13
15
12
0
0
0
1
21
16
17
17
12
15
15
15
8
0
0
21
21
12
10
11
13
14
0
9
18
17
11
12
1
0
2
22
18
20
14
10
15
17
15
17
13
14
13
14
12
13
5
0
11
15
2
0
0
0
0
21
6
0
0
0
0
0
0
0
0
0
0
0
0
0
0
11
0
0
0
0
0
0
0
0
0
0
0
0
0
0
0
0
0
0
0
0
0
0
0
0
0
0
0
0
0
31
12
1
13
0
0
0
6
0
0
0
0
0
0
0
0
0
14
3
0
0
0
0
0
0
0
0
0
0
0
0
0
0
0
0
0
0
0
0
0
0
0
0
0
0
0
0
0
10
20
17
18
18
16
18
14
5
0
11
0
7
60
0
133
21
18
15
14
14
11
3
0
0
0
0
0
0
0
18
16
7
1
0
0
0
0
0
0
0
0
0
0
6
16
16
20
13
10
11
6
0
0
0
0
0
0
0
0
47
0
0
0
0
0
0
0
0
0
0
0
0
0
0
0
0
0
5
3
0
0
0
0
0
0
4
5
0
0
0
0
5
18
20
18
12
14
16
11
12
46
0
0
0
0
3
1
0
0
0
6
19
15
14
13
12
13
7
13
11
1
0
0
0
0
0
0
3
21
14
16
16
14
8
13
36
5
19
13
13
10
19
12
15
8
9
12
18
16
5
0
10
16
14
15
12
12
2
21
17
15
13
19
11
13
9
0
19
12
13
14
11
4
0
18
20
20
16
15
12
28
11
16
13
13
11
12
3
0
8
22
17
16
32
1
162
20
19
13
12
0
0
0
0
1
21
18
14
11
0
0
0
0
0
0
0
0
0
2
0
0
0
0
0
0
0
0
0
3
0
0
0
0
0
0
0
0
0
0
0
0
0
0
0
0
12
10
0
0
0
0
0
0
0
0
0
0
0
0
0
0
0
0
0
0
0
0
0
13
5
0
0
0
0
0
0
0
0
0
0
0
0
0
0
0
0
15
21
21
18
16
17
17
17
11
0
0
0
0
0
0
0
0
0
6
16
15
4
0
0
0
0
0
5
13
17
15
11
8
0
0
0
0
0
0
0
0
0
0
0
0
0
0
5
23
6
0
0
0
0
0
0
0
0
0
0
0
0
0
0
0
0
0
13
4
0
0
0
0
0
0
0
0
20
18
20
20
14
13
13
16
4
0
0
0
0
0
0
0
0
0
0
0
0
0
0
1
25
17
15
13
10
12
3
0
0
0
0
0
0
0
5
18
14
14
16
14
13
14
5
11
3
0
0
2
0
0
0
0
0
0
0
0
