190115BesCtM037C24   06 Jan 2015
3897
5
0000
0
0
0
0
0
0
0
0
0
0
0
0
0
0
0
0
0
0
0
0
0
0
0
0
0
0
0
0
0
0
0
0
0
0
0
0
0
0
0
0
0
0
0
0
0
0
0
0
0
0
0
0
0
0
0
0
0
0
0
0
0
0
0
0
0
0
0
0
0
0
0
0
0
0
0
0
0
0
0
0
0
0
0
0
0
0
0
0
0
0
0
0
0
0
0
0
0
0
0
0
0
0
0
0
0
0
0
0
0
0
0
0
0
0
0
0
0
0
0
0
0
0
0
0
0
0
0
0
0
0
0
0
0
0
0
0
0
0
0
0
0
0
0
0
0
0
0
0
0
0
2
18
24
16
15
20
12
1
0
0
4
1
0
0
0
0
0
0
0
0
0
0
0
0
0
0
0
0
0
0
0
0
0
10
1
3
0
29
0
0
4
8
0
0
0
0
0
0
0
0
0
0
4
1
0
0
0
8
4
1
0
0
19
2
4
6
2
13
5
13
8
0
23
14
1
8
7
3
5
5
0
8
11
1
12
13
7
10
4
9
9
18
28
31
17
11
14
21
10
2
0
0
0
0
0
0
0
0
0
2
20
8
23
24
9
0
0
0
0
0
0
0
0
0
0
0
0
0
0
0
0
0
0
0
0
0
0
0
0
0
0
0
0
0
0
0
0
0
6
28
6
19
19
8
0
0
0
0
4
18
23
2
0
0
0
0
0
0
0
0
5
18
13
21
13
9
12
3
0
0
0
0
7
19
20
8
8
0
0
0
0
0
0
0
0
18
21
18
12
14
7
0
60
43
25
12
16
0
0
0
0
0
0
13
25
14
18
8
9
5
0
0
0
6
13
2
10
6
0
0
22
14
10
10
16
14
15
18
8
15
14
15
11
14
3
8
6
0
0
6
10
5
0
0
0
0
4
0
0
0
0
0
0
0
20
1
0
1
0
0
0
0
0
0
11
0
0
0
0
0
0
0
0
0
0
0
2
0
0
0
0
0
0
0
1
1
0
0
0
0
0
0
0
0
0
0
0
0
0
1
0
0
0
0
0
0
0
0
0
2
0
0
0
0
2
4
5
11
12
0
16
2
0
0
0
0
0
0
0
1
0
0
0
0
0
0
15
3
3
0
0
0
0
0
2
4
16
0
0
0
0
0
7
3
0
8
9
12
10
10
10
15
11
17
12
10
12
15
6
25
32
32
36
20
10
23
1
1
1
1
0
0
2
0
0
0
0
0
0
0
0
0
0
0
0
0
0
0
0
0
0
0
0
0
0
0
0
0
0
0
0
0
0
0
0
0
0
0
0
1
21
31
22
16
6
0
0
0
0
0
12
15
0
0
5
22
11
0
0
0
0
0
0
0
0
0
0
0
0
0
0
0
0
0
0
0
21
23
21
17
18
16
0
0
0
0
0
0
0
0
0
0
5
23
14
0
1
18
19
15
15
0
0
5
27
40
7
1
5
20
46
18
16
26
16
4
22
26
13
11
16
10
58
11
0
14
10
17
19
13
28
8
0
12
17
16
17
24
6
14
16
11
14
10
7
11
4
5
8
1
8
1
0
0
0
1
4
0
0
0
0
0
1
1
0
0
0
0
0
0
0
0
0
0
0
0
0
1
0
0
0
0
0
0
0
0
5
1
0
0
0
0
0
0
0
0
0
0
0
0
0
0
0
0
0
0
0
0
0
0
0
0
0
0
0
6
0
1
0
0
0
0
0
0
0
0
0
0
0
0
0
0
0
2
6
0
0
4
18
7
5
0
0
0
0
0
0
2
1
1
5
14
9
6
0
17
3
0
4
9
0
17
2
11
3
11
11
13
25
13
8
8
7
13
4
10
8
18
28
25
12
54
30
15
17
24
3
0
0
0
0
0
0
0
0
0
0
0
0
0
0
0
0
0
0
0
0
0
0
0
0
0
0
0
0
0
0
0
0
0
0
0
0
0
0
0
0
0
13
19
11
16
0
65
1
44
2
1
3
0
13
75
29
0
0
0
0
0
0
0
0
0
1
24
73
12
7
1
0
0
0
1
13
0
0
0
0
0
0
0
0
1
1
0
19
40
0
2
0
0
0
0
1
8
0
0
0
0
25
12
18
14
0
0
0
0
10
48
4
6
15
30
0
0
0
0
13
17
16
16
80
18
1
8
18
12
0
0
26
10
0
4
18
13
19
11
34
12
8
12
10
4
6
7
3
2
4
0
12
5
3
0
0
0
0
0
0
0
0
0
3
0
0
0
0
0
0
0
0
0
0
0
0
0
0
0
0
0
1
0
0
0
0
0
0
0
0
0
0
0
0
0
0
0
0
0
0
0
0
0
0
0
0
0
0
0
0
0
1
0
0
0
0
0
0
0
1
0
1
0
0
0
0
0
0
0
0
0
1
3
0
0
0
0
0
7
0
0
0
8
9
4
0
0
8
7
0
3
8
0
0
0
0
0
4
0
0
8
4
2
12
2
0
5
11
10
8
12
6
4
10
9
13
12
11
22
32
30
23
16
11
0
0
8
0
0
0
0
0
0
0
0
16
63
27
0
0
0
0
0
0
0
0
0
7
6
12
4
0
0
0
0
0
0
0
0
0
6
0
10
7
2
0
3
0
1
0
2
0
3
11
2
11
18
8
7
0
1
0
0
0
0
0
0
0
0
0
0
0
0
0
5
21
21
14
14
0
1
1
1
14
7
0
0
0
0
1
1
0
0
0
0
0
0
0
0
0
22
0
0
18
21
9
0
0
8
30
3
0
0
0
0
21
20
8
16
25
10
2
3
18
6
14
0
6
10
22
21
9
0
14
25
22
11
4
16
14
17
1
11
25
0
12
12
13
0
0
0
0
13
8
7
0
3
18
20
3
12
11
0
0
0
0
6
8
2
0
0
0
0
0
0
15
21
0
0
1
16
7
55
0
2
43
0
3
0
1
1
6
11
6
26
8
0
0
0
0
0
0
0
0
0
0
18
15
0
0
0
0
0
0
0
0
0
22
23
2
15
13
0
0
0
0
0
0
9
9
0
0
0
0
0
16
9
0
0
18
4
29
23
0
0
4
2
9
18
14
0
0
0
11
14
0
0
0
14
16
0
0
2
25
1
4
0
7
0
17
13
1
29
1
20
17
0
6
24
4
21
4
0
22
6
6
2
18
10
14
0
20
16
1
6
20
5
27
10
14
9
18
13
11
12
41
12
15
11
12
8
14
8
11
6
10
7
12
7
9
7
3
10
3
96
18
0
0
0
0
0
0
0
0
0
0
0
0
0
0
0
0
0
0
0
0
0
0
0
0
0
0
0
0
0
0
0
0
0
0
0
0
0
0
0
0
0
0
0
0
0
0
0
0
4
17
24
20
18
0
0
0
0
0
0
0
0
0
6
12
12
0
4
0
0
0
0
4
10
4
42
18
5
5
0
13
23
16
3
0
0
0
15
23
1
0
0
9
8
59
12
0
0
1
18
24
0
0
2
14
4
15
0
0
0
15
6
2
25
8
0
0
2
69
8
0
0
17
10
0
0
0
16
5
0
0
0
0
15
32
0
0
0
0
0
0
0
0
0
0
0
0
0
0
0
0
0
0
0
0
0
12
14
15
5
1
2
1
1
2
0
10
10
3
0
0
0
0
0
15
13
10
17
0
0
1
0
12
10
48
3
1
0
2
22
119
3
0
13
4
0
0
0
0
0
8
23
18
10
18
13
0
3
1
12
3
0
2
30
18
64
1
0
0
18
19
4
0
0
4
16
3
0
4
16
0
0
18
46
5
13
52
0
10
13
0
32
17
0
8
0
10
22
0
19
15
6
22
14
6
16
16
2
22
6
12
3
12
27
1
14
6
9
24
4
6
1
14
3
11
12
25
0
3
12
6
3
0
0
0
12
0
0
27
1
2
13
0
0
0
2
9
0
0
0
0
0
0
0
0
0
0
0
0
0
0
0
0
0
2
11
0
0
0
0
0
0
0
0
0
0
6
0
0
0
0
0
0
0
0
0
0
4
2
3
0
0
0
0
0
21
5
0
0
0
0
0
1
15
23
0
0
0
0
9
10
2
0
0
0
0
0
0
20
5
0
0
0
0
0
10
17
13
19
11
0
12
3
0
0
8
9
19
4
0
0
12
17
17
39
5
0
9
5
9
4
15
0
0
0
6
19
3
0
0
0
17
29
126
0
12
0
8
0
18
8
0
4
0
10
17
0
14
0
0
9
18
22
0
0
0
0
14
0
0
0
0
4
0
22
1
0
0
0
0
0
0
0
0
0
11
13
0
0
0
0
0
0
0
0
15
2
0
0
0
0
0
0
0
0
0
0
8
20
3
0
2
0
0
0
0
0
3
0
2
0
0
0
0
0
0
0
8
14
7
0
0
8
23
2
1
1
0
7
11
10
1
2
1
5
24
0
2
15
0
0
1
0
0
0
3
19
4
0
0
6
51
0
11
11
1
4
18
2
1
0
6
9
0
9
13
7
17
6
0
70
20
7
12
1
8
1
16
7
10
9
13
7
7
23
1
11
0
10
0
1
14
0
0
0
11
0
9
9
0
0
0
6
12
0
0
0
5
9
7
0
7
3
0
9
5
3
11
15
2
2
0
0
0
0
0
1
16
0
0
5
13
0
0
0
0
0
6
22
0
0
0
0
0
0
0
0
6
2
0
0
0
0
0
0
67
3
0
0
0
0
1
0
0
0
0
0
0
1
0
0
0
0
0
0
3
4
0
0
0
0
0
0
2
14
0
0
0
0
0
9
5
0
0
0
17
6
0
11
13
0
0
0
0
8
9
0
0
0
0
12
1
0
0
0
0
6
10
6
0
0
0
0
4
54
79
3
0
0
0
0
0
0
0
0
0
0
11
9
0
0
10
0
3
0
0
0
0
0
0
0
1
0
8
0
0
0
0
0
0
0
0
0
13
0
0
0
0
0
0
0
6
2
0
0
1
6
0
3
5
5
6
1
0
0
0
0
0
6
2
0
24
50
4
3
0
0
0
0
0
0
0
0
0
0
12
1
0
0
0
0
0
0
0
3
53
93
2
15
2
0
0
9
24
13
0
10
21
10
0
9
7
0
7
14
0
0
11
0
32
16
12
7
10
1
26
23
7
4
5
51
7
16
12
10
8
8
2
11
9
17
14
5
0
2
11
2
6
9
0
12
4
0
0
0
0
35
45
11
2
0
0
0
0
0
0
0
0
15
0
0
0
1
0
0
0
0
0
15
9
0
0
0
0
0
26
0
0
0
0
0
19
13
0
0
0
0
0
0
5
2
0
0
0
0
0
0
1
0
0
0
4
14
0
0
0
0
0
0
0
1
0
24
0
0
0
6
8
0
0
0
0
0
0
7
29
0
0
0
0
0
0
0
0
0
0
0
0
0
0
0
0
0
0
0
0
0
0
0
0
0
0
0
0
0
0
11
15
2
0
0
5
10
38
2
0
0
0
0
0
0
9
17
15
6
0
0
0
0
0
0
0
0
0
0
0
0
26
0
56
7
0
0
0
0
19
5
0
0
0
0
0
0
0
0
13
36
0
0
0
12
12
16
6
0
0
0
0
0
4
26
11
0
0
12
0
0
0
0
0
0
13
0
0
0
0
0
0
5
0
0
0
0
0
0
4
0
0
0
0
0
0
5
5
7
6
0
0
0
0
0
0
11
15
21
0
4
27
13
0
0
18
15
12
0
2
0
2
20
9
16
18
28
22
7
4
14
0
31
2
10
5
1
0
10
0
0
19
13
0
5
1
2
4
19
0
0
1
17
1
6
59
9
7
15
1
11
0
14
4
12
17
22
3
15
7
0
1
15
6
0
10
0
0
4
5
0
18
0
7
3
0
9
5
0
0
0
0
0
24
7
0
0
0
0
0
4
19
7
0
0
4
0
0
0
3
4
0
2
20
10
0
0
0
0
0
0
1
15
2
0
0
0
0
21
15
6
0
0
0
0
0
0
0
0
0
0
9
0
0
0
0
0
3
11
0
0
0
0
0
0
0
0
0
0
0
0
0
0
0
0
0
0
0
0
0
0
0
0
0
0
0
0
0
0
0
0
0
0
0
0
0
0
0
0
0
0
0
0
0
0
0
0
0
0
0
0
0
0
0
0
0
0
0
0
0
0
0
0
3
23
11
0
0
0
0
0
6
5
7
8
19
22
23
5
0
0
0
0
20
16
1
0
0
0
0
14
3
0
0
0
2
12
1
0
0
0
4
27
0
0
0
15
12
2
1
0
0
0
0
10
1
0
0
14
1
0
0
0
0
0
10
0
0
0
0
0
0
7
10
0
0
0
0
10
8
1
0
0
0
0
11
5
0
9
3
9
0
0
0
0
3
18
0
7
0
0
0
0
21
9
0
1
9
24
4
28
10
15
0
0
28
0
0
19
0
0
13
46
8
0
0
0
0
5
5
0
0
0
10
0
0
15
0
0
8
20
3
0
8
5
0
1
65
57
9
13
1
0
0
0
8
10
0
0
0
9
33
6
0
0
53
15
0
0
0
6
6
1
36
0
0
6
20
0
0
0
0
0
0
13
7
2
0
0
0
0
0
0
56
12
0
0
0
0
0
7
1
0
0
0
0
0
5
3
0
0
0
0
0
0
0
0
0
4
4
3
0
0
0
0
0
0
0
0
0
0
0
0
0
0
0
0
0
0
0
0
0
0
0
0
0
0
0
4
2
1
36
2
0
0
0
0
0
2
1
0
8
19
4
3
7
9
3
4
0
0
0
0
0
0
0
0
8
3
11
24
5
0
0
0
0
0
0
0
3
4
1
0
0
2
14
13
1
14
20
0
0
0
0
0
0
0
25
8
0
7
20
6
0
0
0
0
2
0
14
15
10
0
0
0
6
5
0
2
2
0
0
2
16
19
8
0
2
1
2
17
10
0
0
0
21
6
0
0
0
0
3
3
9
0
0
0
19
25
16
0
0
22
31
4
0
1
19
15
0
0
0
0
0
1
0
14
8
0
0
0
0
0
5
0
0
0
0
29
6
0
0
0
0
0
14
4
0
0
0
10
2
0
0
0
0
0
8
3
0
0
0
0
0
0
0
0
0
0
0
0
2
5
0
0
0
0
0
0
0
5
12
20
19
10
3
0
0
1
2
5
0
0
0
0
0
0
5
16
53
68
0
1
11
3
0
0
0
4
0
0
23
3
3
1
0
0
0
0
3
26
2
0
0
0
5
5
11
15
0
0
0
0
0
0
0
0
0
0
0
0
3
3
9
15
7
1
0
0
0
0
0
1
5
15
4
7
3
0
1
1
0
0
11
2
0
0
0
0
11
94
55
0
14
15
39
0
0
0
0
4
15
80
0
2
11
11
44
16
11
0
0
0
0
0
1
7
0
0
0
8
15
2
1
2
7
0
0
0
0
0
0
16
1
0
0
0
8
1
0
0
0
0
0
7
10
0
0
0
110
19
0
0
4
14
16
6
0
0
0
0
0
22
12
10
0
0
0
0
0
0
1
8
0
0
0
0
0
10
2
2
0
0
0
0
0
0
8
37
40
0
0
0
11
0
0
0
0
13
2
0
0
0
0
100
145
0
18
0
0
0
6
10
1
0
0
0
9
8
0
0
0
2
5
0
0
0
0
0
0
0
7
0
0
0
0
0
0
0
4
6
4
0
0
0
0
0
0
0
0
9
6
0
0
0
0
0
0
1
8
9
0
0
0
0
0
2
8
0
0
0
0
11
2
0
1
2
0
0
0
0
0
0
2
1
0
0
4
4
0
0
1
0
19
45
18
13
0
0
0
0
0
0
0
13
11
0
0
0
0
0
0
0
0
0
0
14
11
1
0
0
0
0
0
0
0
0
0
1
14
9
2
0
0
0
0
0
0
0
0
0
0
0
2
5
4
0
0
1
0
1
2
0
11
9
7
0
0
0
0
0
4
2
0
0
0
0
2
6
11
0
0
0
0
9
21
18
26
16
6
0
0
0
0
0
11
15
56
2
0
11
0
0
0
0
0
16
8
0
0
0
0
12
0
0
0
0
11
5
2
0
0
0
0
5
8
0
5
13
24
0
0
0
4
24
16
0
0
1
1
3
10
4
0
0
0
0
0
0
8
22
3
0
0
6
8
3
0
0
0
0
6
0
10
4
0
0
0
0
8
0
0
0
0
0
17
12
1
0
0
0
29
3
0
12
13
13
0
1
7
3
0
0
6
1
7
15
10
0
0
13
27
8
23
1
0
4
55
7
11
6
0
18
9
8
7
0
20
27
0
5
23
4
25
9
6
7
0
0
0
0
18
12
1
0
3
2
0
0
0
10
3
0
0
0
0
0
0
15
22
0
0
0
0
0
0
0
1
2
3
0
0
0
0
0
8
10
0
0
0
0
0
0
2
10
0
0
1
6
6
0
0
3
0
0
0
0
0
4
20
0
2
19
6
83
0
0
0
0
0
1
26
1
0
0
0
0
0
0
0
0
0
0
0
20
0
0
0
0
0
0
0
4
12
0
5
8
15
0
0
0
0
2
59
5
4
9
0
0
2
14
5
7
6
14
21
42
17
0
0
0
0
0
0
5
26
0
0
0
0
0
0
0
0
0
0
0
0
0
0
0
1
8
32
28
9
1
0
0
0
0
0
9
5
5
8
0
1
0
0
1
0
32
16
23
0
0
9
17
14
3
0
0
0
0
0
0
0
4
0
0
0
0
0
0
0
6
5
0
0
0
0
0
0
0
5
5
17
0
1
2
0
0
12
14
16
0
6
14
0
0
0
0
0
0
0
10
5
0
1
3
4
1
0
0
0
0
0
7
8
3
0
0
0
0
0
0
0
0
