190115BesCtM038C13   06 Jan 2015
3897
5
0000
0
0
0
0
0
0
0
0
0
0
0
0
0
0
0
0
0
0
0
0
0
0
0
0
0
0
0
0
0
0
0
0
0
0
0
0
0
0
0
0
0
0
0
0
0
0
0
0
0
0
0
0
0
0
0
0
0
0
0
0
0
0
0
0
0
0
0
0
0
0
0
0
0
0
0
0
0
0
0
0
0
0
0
0
0
0
0
0
0
0
0
0
0
0
0
0
0
0
0
0
0
0
0
0
0
0
0
0
0
0
0
0
0
0
0
0
0
0
0
0
0
0
0
0
0
0
0
0
0
0
0
0
0
0
0
0
0
0
0
0
0
0
0
0
0
0
0
0
0
0
4
33
24
40
17
24
32
24
13
0
4
24
22
0
0
0
0
0
0
0
10
35
35
11
0
0
0
0
0
0
0
0
0
0
0
0
0
0
0
0
0
2
30
28
27
0
0
0
0
0
0
0
0
0
0
0
0
0
0
0
0
0
0
15
21
18
31
0
0
0
0
0
0
0
0
8
27
42
0
0
0
0
0
0
0
1
0
0
0
18
57
25
34
33
35
33
29
43
33
33
42
34
24
19
29
27
11
30
35
5
0
0
0
0
0
0
0
0
0
0
0
0
0
0
0
0
0
0
0
0
0
0
0
31
43
34
28
22
18
0
0
0
0
0
0
0
0
0
0
0
0
0
0
0
0
0
0
34
45
26
19
2
0
0
0
0
0
0
0
0
0
0
0
0
0
0
0
1
31
25
28
13
0
0
0
0
0
0
0
0
0
0
0
0
0
0
0
0
7
33
26
25
25
17
0
0
0
0
0
0
0
0
0
0
0
29
24
14
20
20
0
1
0
0
24
35
22
38
1
0
17
18
19
0
14
15
27
26
30
25
17
35
17
6
41
53
2
14
4
14
9
0
11
11
3
0
0
0
0
0
0
2
14
0
0
0
0
0
0
0
0
0
0
9
31
34
0
24
3
2
0
16
12
0
0
11
1
0
0
0
0
0
0
0
0
0
0
0
0
22
9
0
0
0
0
0
0
0
0
0
0
0
0
0
0
0
0
0
0
0
0
0
0
0
0
48
27
31
0
5
2
9
57
2
1
0
0
1
0
1
0
58
0
0
0
19
0
0
3
15
0
16
11
0
1
44
2
1
0
6
8
1
0
0
0
0
0
32
17
3
0
0
0
0
0
0
0
0
0
21
29
24
25
22
20
16
15
9
15
16
12
1
9
15
2
0
10
2
0
0
0
0
0
2
8
0
0
1
6
0
0
0
17
17
3
0
0
0
0
0
0
0
0
0
0
0
0
22
23
16
36
14
9
2
3
0
0
0
0
0
0
0
0
0
0
0
0
0
0
0
0
0
0
11
18
17
5
0
0
1
6
0
0
0
0
14
17
2
0
0
0
0
0
0
0
0
0
0
0
0
0
0
0
0
0
0
0
0
0
0
0
0
0
0
0
5
25
17
15
17
4
0
2
0
0
9
14
14
3
0
7
15
2
13
15
11
0
14
2
3
0
17
11
22
20
15
15
11
11
13
45
10
9
9
3
0
0
0
17
9
0
0
0
10
16
42
0
0
0
0
0
15
3
0
0
0
0
0
17
3
0
0
10
10
3
1
0
11
21
2
0
0
0
0
0
0
0
0
0
0
0
0
0
0
0
0
0
14
0
0
0
0
12
19
0
0
0
0
0
0
0
1
15
25
3
0
1
1
19
0
2
3
2
1
1
0
11
1
51
10
0
0
0
0
2
0
0
10
81
3
0
0
0
0
0
0
0
0
0
0
0
0
0
0
0
0
0
0
0
8
3
1
2
2
1
15
0
5
1
1
0
8
15
2
17
0
13
20
30
25
20
33
26
23
22
16
43
16
33
6
0
0
0
0
2
17
5
0
32
35
4
0
6
0
10
1
4
3
0
2
2
0
7
14
2
1
0
3
0
12
15
7
2
0
0
1
30
1
17
1
0
2
46
1
0
26
15
13
8
0
0
0
0
0
15
38
8
0
0
0
0
10
1
0
0
31
11
0
0
0
0
0
0
0
0
0
0
0
0
15
26
20
4
0
0
0
0
0
0
0
0
0
0
0
0
0
2
15
16
9
4
0
0
0
0
0
0
0
0
4
13
12
7
1
5
1
9
12
8
8
6
4
12
11
4
3
10
2
0
9
3
6
25
15
37
10
4
17
5
3
12
13
7
8
0
0
0
0
0
2
12
0
0
0
0
3
0
0
0
0
0
0
0
0
0
0
0
2
0
0
0
0
8
2
1
1
0
0
0
2
0
0
13
1
0
0
0
0
0
0
2
0
0
0
0
16
11
0
0
0
0
0
0
0
14
0
0
0
0
0
0
0
0
0
0
0
0
0
0
0
0
0
0
0
17
5
1
1
1
0
6
1
0
3
0
0
72
13
0
0
0
0
0
0
0
0
0
0
0
0
0
0
0
7
17
0
0
0
9
1
0
1
90
66
11
7
0
2
0
7
3
6
48
6
6
13
23
25
21
19
19
17
9
10
1
1
0
1
0
0
0
0
0
0
7
0
0
0
0
0
0
0
0
0
3
2
1
13
0
0
2
0
0
0
0
0
0
0
0
0
0
0
0
0
15
0
0
9
0
0
0
0
16
3
0
7
0
0
0
0
47
14
2
20
37
14
10
1
0
0
0
0
0
0
0
0
0
0
0
0
0
0
0
0
0
0
0
0
0
0
0
0
2
0
0
0
0
0
5
13
21
15
18
2
0
12
5
0
0
0
0
13
44
17
0
0
0
0
0
0
0
0
0
0
0
11
19
41
74
89
12
0
15
8
0
17
13
8
10
0
0
27
9
1
5
0
5
1
11
4
0
0
56
48
0
0
0
6
41
17
6
4
3
7
9
4
0
0
0
0
12
8
6
0
0
0
9
12
0
0
0
0
0
0
0
23
17
4
0
0
0
0
0
0
0
0
0
0
0
2
23
24
4
0
0
0
0
0
0
0
0
0
9
24
6
0
0
0
0
0
0
0
8
14
8
0
0
20
15
0
31
0
2
18
13
11
3
5
6
0
8
13
12
8
5
6
7
2
0
5
13
0
3
17
10
6
16
6
3
25
1
10
11
0
17
19
1
8
12
8
14
144
14
4
8
18
9
15
8
23
10
3
13
53
29
10
10
28
19
8
7
0
0
0
0
19
0
0
0
8
7
0
0
0
0
0
0
0
0
0
0
0
0
0
0
0
0
0
0
0
3
18
1
0
0
0
0
0
0
4
0
0
0
0
0
0
0
0
0
0
0
0
0
0
0
0
0
11
14
12
13
25
0
0
0
0
0
22
2
0
0
23
24
3
0
0
0
12
0
0
1
48
1
16
2
17
3
0
0
2
1
49
2
1
6
4
0
0
34
62
2
0
0
3
29
15
16
13
4
2
21
7
0
4
26
9
2
5
6
2
0
0
0
0
1
24
15
8
0
10
0
0
19
4
9
8
0
0
1
1
2
11
11
11
0
0
0
0
0
0
0
0
0
22
18
12
5
0
0
0
0
0
0
33
14
18
5
4
2
0
0
2
13
2
0
0
0
0
4
18
10
0
0
0
0
0
0
0
0
0
0
0
0
0
0
0
0
14
12
33
7
0
0
0
5
14
6
1
8
14
13
6
0
0
0
0
0
13
9
0
0
0
9
10
8
0
4
0
22
10
3
0
0
0
18
10
6
5
1
15
11
0
8
8
0
7
29
7
25
15
10
12
6
11
5
6
11
8
8
3
8
7
1
8
14
12
13
24
5
47
13
3
0
0
16
0
0
0
20
33
19
1
0
10
18
11
0
0
0
0
2
9
0
1
0
1
0
0
0
0
0
0
0
0
0
4
52
0
0
0
0
0
0
0
1
5
0
0
0
0
0
0
0
0
0
46
0
0
0
0
0
0
0
0
0
1
0
0
0
0
0
0
0
0
0
0
0
0
2
32
9
17
2
0
0
0
0
0
1
37
3
0
17
6
1
0
0
0
3
0
1
0
0
0
0
0
0
0
6
2
17
1
0
0
0
75
22
24
16
13
1
0
0
3
18
10
3
0
0
0
0
18
6
1
0
0
0
0
10
43
7
0
3
10
12
4
1
91
0
2
7
13
0
0
0
0
0
0
0
0
0
28
14
13
1
0
1
0
13
11
1
3
12
1
2
2
0
0
1
0
6
1
0
0
14
14
14
8
0
0
0
0
0
0
8
14
12
8
0
0
0
0
0
0
0
0
0
18
18
20
38
6
0
0
0
0
0
4
16
13
5
0
0
0
0
14
12
14
10
4
4
0
0
23
20
0
5
10
2
10
1
11
16
7
3
1
6
12
12
9
1
16
14
0
0
14
10
2
0
15
10
8
6
9
5
0
12
9
5
12
10
4
0
7
5
3
17
9
0
11
7
0
0
0
0
10
10
1
0
0
0
0
0
0
0
0
0
0
0
0
0
0
0
0
0
0
0
0
0
13
8
10
12
11
0
0
0
0
0
0
0
0
0
0
0
0
0
0
0
0
0
0
0
0
0
0
0
0
0
0
0
0
0
0
0
0
0
0
0
0
0
0
0
0
0
0
0
0
0
0
0
0
0
0
0
0
0
0
0
0
0
0
7
2
3
0
16
0
0
0
0
11
1
0
0
0
0
0
0
0
24
14
23
12
8
4
9
6
0
3
7
14
8
0
0
2
9
0
0
0
0
0
11
3
0
0
0
0
0
0
0
15
17
11
98
5
2
3
2
8
8
0
0
0
30
10
2
0
0
0
0
8
8
3
0
0
0
0
0
8
46
54
3
0
0
6
12
11
0
0
0
0
0
0
0
7
13
15
0
0
0
0
0
0
0
0
0
0
10
28
13
8
0
0
1
0
0
0
0
0
20
15
18
0
4
8
19
0
0
0
3
23
11
0
0
8
12
3
0
0
9
14
1
0
17
4
2
19
14
9
3
0
4
15
7
15
4
6
7
0
4
10
10
5
10
8
4
16
7
1
12
41
0
18
0
7
18
0
12
10
0
0
15
8
0
0
0
12
10
4
3
0
0
0
0
0
0
0
8
17
11
0
0
0
0
0
0
0
0
0
0
0
0
0
0
0
0
0
0
0
0
0
0
0
0
0
0
0
0
0
0
0
0
0
0
0
0
0
0
0
0
0
0
0
0
0
0
0
0
0
0
0
0
0
0
9
7
2
0
0
0
0
0
20
1
0
0
0
0
0
0
0
1
0
2
0
0
0
0
0
0
0
0
0
0
0
0
0
0
0
0
0
0
0
13
14
28
10
5
0
0
6
5
2
14
0
0
0
0
0
27
2
0
0
17
0
0
0
9
2
1
0
1
21
3
9
22
0
0
0
12
10
16
21
0
0
0
5
18
16
11
5
1
18
14
3
0
0
0
0
0
0
0
0
0
0
0
0
0
0
0
0
0
0
0
1
26
19
13
9
0
0
7
0
0
0
0
0
0
0
0
0
0
0
0
27
14
14
12
2
0
6
9
1
0
0
0
0
2
18
17
103
0
8
13
4
5
11
0
0
5
13
10
0
10
0
0
0
16
10
1
14
11
10
8
8
0
4
14
15
4
12
6
2
12
5
0
14
13
33
7
16
8
1
16
14
1
0
13
4
0
13
10
0
0
0
0
0
0
0
0
7
14
17
4
0
0
0
13
9
0
0
0
0
0
12
11
9
7
0
1
16
5
9
13
0
0
0
8
12
0
0
0
0
0
0
0
0
0
0
0
0
0
0
0
0
0
0
0
0
0
0
0
0
0
0
0
0
0
0
0
0
0
0
0
0
0
0
0
0
0
0
0
0
0
31
31
17
3
0
0
0
0
0
0
0
12
0
0
0
0
2
0
0
0
0
0
2
12
1
0
0
5
27
76
9
13
0
0
24
3
6
5
0
0
0
0
9
1
0
5
8
5
0
0
0
9
10
4
0
0
0
0
0
0
0
0
9
52
1
0
0
0
0
0
0
46
22
0
0
0
15
0
0
0
0
0
2
12
99
11
13
6
2
1
5
2
8
0
0
0
0
0
6
10
0
0
2
33
0
0
0
0
0
0
0
0
0
1
0
7
1
3
0
1
3
13
2
0
0
8
53
14
12
10
0
0
0
0
12
3
0
0
3
27
13
8
25
4
0
0
0
13
4
0
29
27
15
15
0
0
0
0
0
0
0
10
13
17
16
12
12
10
1
1
14
2
0
14
12
17
5
5
6
6
9
4
16
3
0
5
16
16
13
17
4
3
6
15
0
1
8
0
0
0
0
0
0
0
0
0
0
13
10
0
0
0
0
0
0
15
16
31
3
0
1
0
0
0
26
6
0
0
0
0
1
1
0
16
33
0
2
0
1
1
0
0
0
0
10
30
0
0
0
0
0
0
0
0
0
0
0
0
2
1
0
0
1
0
0
0
2
0
0
0
0
0
0
0
0
0
0
0
0
0
0
0
0
0
0
0
0
0
0
0
0
0
0
0
0
0
0
3
8
49
0
0
0
0
0
0
0
0
0
0
0
0
0
6
11
19
2
0
2
23
0
7
0
9
4
0
6
0
5
1
0
0
12
0
0
0
0
10
7
60
3
0
5
2
15
4
33
19
0
0
0
0
10
20
16
4
0
0
0
0
0
0
0
0
0
0
0
0
0
0
0
0
0
0
0
0
0
0
0
0
0
31
24
9
0
0
0
0
12
17
1
0
1
0
1
12
14
14
1
1
6
0
0
0
0
0
0
0
0
3
45
11
0
0
0
0
0
0
18
7
16
10
3
0
0
0
0
15
15
1
0
14
49
3
11
0
0
26
15
0
1
109
11
18
13
10
10
12
4
0
10
10
6
0
0
16
15
1
0
10
15
2
0
0
0
0
0
0
0
13
12
13
20
0
0
0
5
18
11
1
1
0
6
4
0
0
0
0
0
0
0
0
0
0
0
17
12
15
9
0
0
0
0
0
9
13
2
0
3
15
0
0
0
0
0
0
0
0
0
15
20
11
2
0
0
0
0
0
0
14
3
0
0
0
0
0
0
0
0
0
0
0
0
0
0
0
0
0
0
0
0
0
0
0
0
0
0
0
0
0
0
0
0
0
0
0
0
0
0
0
0
0
0
0
0
0
0
0
0
0
0
0
0
0
0
0
0
0
15
4
0
0
0
0
0
5
6
0
0
0
0
0
0
0
0
0
0
0
0
0
0
0
0
0
0
0
21
3
8
10
9
1
0
0
0
9
6
0
0
0
0
4
48
9
0
10
0
0
0
0
0
0
0
0
0
2
0
3
76
3
0
0
0
9
19
25
82
4
13
2
0
0
0
0
14
12
5
0
0
0
0
0
13
1
0
0
0
4
15
16
6
0
0
0
0
0
0
0
8
12
2
0
3
10
47
13
10
13
4
8
0
0
0
0
0
0
1
9
11
10
55
0
8
2
0
12
9
8
11
0
0
0
14
9
6
0
8
13
2
0
3
8
0
0
10
6
0
6
32
11
9
1
0
0
0
0
0
0
0
0
12
30
28
1
4
0
0
0
0
0
9
12
2
0
0
0
0
0
0
0
0
0
0
1
0
0
0
0
0
0
0
61
0
0
0
0
0
0
0
0
0
0
0
0
0
0
0
0
0
0
0
24
33
0
0
0
0
0
0
1
14
14
2
1
1
2
1
17
0
15
4
0
0
0
0
0
0
6
6
0
0
0
14
1
8
16
2
0
0
0
0
0
21
17
0
2
0
0
0
0
0
0
0
0
33
9
4
0
0
0
6
9
0
0
8
7
2
0
7
1
0
4
29
0
0
0
11
5
0
0
0
0
0
0
0
0
0
5
8
4
1
0
0
0
0
0
0
0
0
0
0
0
0
0
0
0
11
15
11
1
0
4
8
0
0
72
10
8
0
0
0
1
0
0
12
0
0
0
26
27
7
1
0
0
0
0
0
0
0
1
12
15
0
0
16
0
0
0
0
15
20
36
11
0
0
0
0
0
0
0
0
0
15
25
0
0
4
17
0
14
13
9
0
0
0
0
0
0
2
15
11
0
0
0
0
0
0
0
2
14
10
5
0
3
14
7
1
0
8
11
14
0
0
12
23
0
0
0
16
15
8
8
3
12
1
0
0
0
0
0
0
0
4
15
4
16
0
9
1
0
0
0
0
0
0
0
5
26
12
4
0
8
0
0
20
19
0
0
0
0
0
0
0
27
5
0
0
0
0
0
0
0
0
0
0
0
0
0
0
0
0
0
1
0
0
0
0
0
0
0
7
11
15
0
0
0
0
11
0
0
0
0
0
0
0
0
0
0
0
0
0
0
0
0
0
0
0
0
0
0
0
0
0
0
0
0
0
0
0
0
0
0
0
0
0
0
0
0
21
14
19
29
10
7
7
0
0
0
0
8
15
2
0
0
0
0
0
0
7
18
4
0
0
0
0
0
0
7
17
0
0
0
0
0
0
0
0
0
21
14
8
12
1
1
1
1
0
22
0
1
8
0
0
0
0
0
0
0
1
0
0
0
0
0
0
0
1
4
0
0
0
1
1
0
0
50
15
11
11
2
0
0
0
0
0
0
0
0
0
0
0
0
0
0
0
0
0
18
12
15
0
0
0
1
0
0
0
0
6
19
9
0
0
0
12
13
19
7
0
0
0
0
0
0
19
8
2
5
0
0
0
16
12
3
0
0
10
3
7
7
0
6
13
8
6
0
0
0
0
0
15
13
1
0
0
0
0
0
0
0
15
27
4
0
0
0
0
0
0
0
0
0
0
0
0
0
0
0
0
0
0
0
16
18
0
0
0
0
0
0
0
0
