120115A5mCtM016C17   30 Dec 2014
3986
5
0000
0
0
0
0
0
0
0
0
0
0
0
0
0
0
0
0
0
0
0
0
0
0
0
0
0
0
0
0
0
0
0
0
0
0
0
0
0
0
0
0
0
0
0
0
0
0
0
0
0
0
0
0
0
0
0
0
0
0
0
0
0
0
0
0
0
0
0
0
0
0
0
0
0
0
0
0
0
0
0
0
0
0
0
0
0
0
0
0
0
0
0
0
0
0
0
0
0
0
0
0
0
0
0
0
0
0
0
0
0
0
0
0
0
0
0
0
0
0
0
0
0
0
0
0
0
0
0
0
0
0
0
0
0
0
0
0
0
0
0
0
0
0
0
0
0
0
0
0
0
0
0
0
0
0
0
0
0
0
0
0
0
0
0
0
0
12
14
9
10
15
12
14
8
20
6
27
13
11
6
10
2
13
9
8
10
4
11
0
0
0
0
0
4
19
0
0
0
0
20
16
16
7
7
10
17
13
31
1
0
0
0
0
0
0
0
0
0
0
0
0
0
0
0
0
0
6
13
13
0
5
9
13
6
12
7
6
5
6
7
11
8
13
33
14
13
18
8
16
24
8
6
31
4
10
25
8
9
25
20
7
23
0
32
13
1
0
0
0
0
0
0
1
0
0
0
0
0
0
0
0
0
0
0
0
0
0
0
0
0
2
63
13
0
0
0
0
0
0
0
0
0
0
0
0
0
0
0
0
0
0
0
16
26
19
25
17
20
6
17
19
9
6
6
12
19
11
17
7
8
18
25
6
5
12
4
11
14
14
0
6
0
0
0
0
0
0
1
5
0
0
0
0
0
0
0
0
0
0
6
6
11
23
30
21
12
56
21
0
5
16
0
0
52
5
0
3
5
0
0
1
0
32
13
13
41
4
2
6
4
0
1
13
0
4
9
0
9
0
0
0
0
0
0
0
13
0
8
7
10
8
0
0
0
0
0
0
0
0
0
0
0
0
0
0
0
3
3
15
4
16
0
0
0
0
6
9
0
0
0
0
0
0
0
0
0
0
0
0
0
0
0
0
0
6
7
28
20
2
2
2
0
10
7
0
0
0
0
0
0
0
0
0
0
0
0
0
0
12
14
7
15
22
0
0
0
0
0
0
0
5
0
6
6
9
4
0
0
0
0
0
0
0
0
6
14
0
8
0
0
0
0
0
0
0
0
5
7
46
7
7
5
2
3
9
0
3
4
0
0
17
12
9
17
26
5
20
11
0
29
16
7
7
17
25
0
0
11
4
0
0
0
0
0
0
0
0
0
0
0
0
0
0
0
0
0
0
0
0
0
0
0
6
9
0
17
9
0
0
0
0
0
0
0
0
0
0
0
0
0
0
0
0
0
0
0
0
0
0
0
0
0
0
0
0
0
0
0
0
0
0
0
0
0
0
0
0
0
0
0
0
0
4
30
8
0
0
0
10
4
0
1
0
0
0
1
45
7
3
12
11
19
22
16
18
0
24
17
29
20
16
34
0
24
9
0
20
13
23
9
8
4
14
22
17
6
10
1
4
1
5
4
2
5
0
4
1
38
10
0
7
2
0
0
6
14
0
6
0
0
4
6
14
12
3
34
1
17
0
0
0
0
0
0
6
8
0
0
0
0
0
0
0
0
0
0
0
0
10
9
0
0
17
0
0
0
0
0
0
0
0
0
0
0
0
0
0
0
0
0
0
0
0
0
0
0
0
0
0
0
0
0
0
0
0
0
0
0
0
0
0
0
0
0
0
0
0
0
0
0
0
0
0
0
0
0
0
0
7
0
0
0
0
0
7
0
0
0
0
0
0
0
0
0
0
0
0
0
14
1
8
5
0
0
0
0
10
5
0
0
0
0
0
0
2
3
11
0
19
10
11
2
21
19
12
4
7
8
12
15
11
13
15
15
0
9
2
0
0
0
0
0
0
0
0
0
0
0
0
0
0
0
0
0
0
0
0
0
0
0
10
7
16
20
16
0
0
0
0
0
0
0
0
0
1
0
1
0
0
0
0
0
0
0
0
0
0
0
0
0
0
0
0
0
0
0
0
0
0
0
0
0
0
0
0
0
0
0
0
0
0
0
0
0
0
0
0
0
0
0
0
0
0
0
0
0
0
0
0
0
3
12
0
22
3
0
2
9
6
26
0
0
32
0
0
25
1
1
4
0
0
0
0
0
0
0
0
0
0
0
0
0
17
2
19
14
11
3
0
0
3
4
15
3
80
91
5
1
9
11
26
0
0
0
0
0
0
0
0
2
3
10
0
0
0
0
0
0
8
2
7
2
12
0
0
0
0
0
0
0
0
0
0
0
0
0
0
0
0
0
0
0
0
10
0
6
0
0
0
0
0
0
0
0
0
0
0
0
0
0
0
0
0
0
0
0
0
0
0
0
0
0
0
0
0
0
0
0
0
0
0
0
0
0
0
0
0
0
0
0
0
0
0
0
0
0
0
5
2
9
0
0
0
0
0
12
11
0
0
0
5
11
17
10
0
5
0
0
0
0
0
27
3
5
49
17
14
13
9
6
10
16
0
14
0
6
8
10
0
5
10
0
0
0
0
0
0
0
0
0
0
0
0
0
0
0
5
4
0
0
0
0
0
0
0
0
0
0
0
0
0
0
0
0
0
0
0
0
0
0
0
0
0
0
0
0
0
0
0
0
0
0
0
0
0
0
0
5
0
14
0
0
0
0
0
0
0
0
0
0
0
0
0
0
0
0
0
0
0
0
0
0
0
0
0
0
0
0
0
0
0
0
0
0
0
0
0
0
0
0
0
0
0
0
0
0
0
21
4
0
7
15
11
16
1
3
0
20
7
14
23
8
0
18
0
6
19
0
0
0
0
0
52
29
25
5
0
0
0
0
0
0
0
0
0
0
0
0
3
7
22
5
0
21
9
4
0
12
2
0
0
0
0
0
23
28
14
10
39
58
53
7
1
0
0
0
0
82
0
24
12
4
2
5
93
74
17
10
24
3
0
0
0
1
1
5
1
0
0
5
4
34
13
14
11
0
7
20
55
21
17
28
89
4
0
12
0
0
2
3
1
57
14
0
0
27
0
0
2
2
0
0
1
1
0
0
3
2
0
0
2
1
1
24
6
22
41
20
5
0
15
11
0
51
33
5
7
0
15
12
5
0
0
56
43
62
42
53
8
14
8
0
0
0
15
4
0
11
5
6
0
20
45
29
21
27
14
47
50
4
18
51
68
14
0
0
0
0
0
28
161
0
14
13
4
0
22
6
0
1
0
0
0
0
0
2
68
1
1
0
0
0
9
0
0
3
0
97
26
0
0
0
2
1
0
4
4
1
4
1
21
0
1
0
0
0
0
0
0
0
0
0
0
0
0
0
0
0
0
0
0
0
0
0
0
0
0
0
0
0
0
0
12
52
0
10
7
0
0
0
0
0
0
0
0
0
0
0
0
0
0
0
0
0
0
0
1
31
66
36
86
51
0
0
0
0
0
0
0
0
0
0
0
0
0
0
18
19
27
16
0
0
0
0
0
0
0
0
0
0
0
47
5
10
0
7
3
0
1
18
0
0
9
0
0
0
0
0
0
0
0
0
4
27
6
0
7
7
7
6
12
10
13
15
46
11
0
0
0
21
14
19
18
29
48
3
1
5
0
0
0
3
5
0
0
9
19
1
0
38
60
20
31
22
23
4
0
0
0
0
0
2
7
18
0
0
5
4
26
0
21
28
2
11
56
4
0
0
0
4
0
0
0
0
0
0
0
0
0
7
17
8
18
19
0
0
1
2
32
5
6
0
0
73
50
6
0
0
0
0
0
0
7
44
39
32
2
46
8
32
12
6
18
1
0
25
0
0
19
32
52
15
9
99
11
0
0
39
7
33
67
0
0
16
9
0
6
15
0
0
30
2
0
0
0
0
0
0
0
0
0
0
0
0
0
0
0
0
0
0
0
0
0
0
0
0
0
0
0
0
0
0
0
0
0
0
0
0
0
0
0
0
0
0
0
0
0
0
0
0
0
0
0
0
0
0
0
0
0
0
0
0
0
0
0
0
0
0
0
0
0
0
0
0
0
0
0
0
0
0
0
9
11
2
8
7
4
0
0
0
0
0
0
0
0
0
0
0
0
0
0
0
0
0
0
0
0
0
0
0
0
0
0
0
0
0
0
0
0
0
0
0
0
0
0
0
0
8
9
8
0
12
13
46
34
39
9
16
0
0
0
0
0
27
6
3
0
3
25
2
7
0
12
0
0
1
6
3
0
2
24
0
1
1
0
50
32
9
0
0
24
8
24
39
32
33
3
33
38
22
2
40
0
2
0
0
0
0
0
0
0
0
0
0
0
0
0
0
0
35
37
17
39
1
8
24
33
2
2
29
31
13
0
0
27
13
49
6
27
0
14
12
13
34
22
0
4
29
8
0
0
23
14
27
2
23
0
0
0
0
0
6
3
0
8
21
13
16
0
1
23
7
19
10
19
25
40
13
7
28
0
1
0
0
28
17
10
39
61
2
0
0
0
26
18
8
14
30
43
0
19
28
19
24
3
0
9
18
31
0
0
0
11
22
23
4
0
0
2
26
25
12
36
0
2
52
21
0
6
3
27
8
15
0
0
0
0
15
20
0
0
40
10
0
0
0
43
14
0
0
0
0
0
0
0
0
0
0
0
0
0
0
0
0
0
0
0
0
0
0
0
0
0
0
0
0
0
0
0
0
0
0
0
0
0
0
0
0
0
0
0
0
0
0
0
0
0
0
0
0
0
0
0
0
0
0
18
8
8
13
92
24
16
2
0
13
4
1
4
4
11
0
0
0
50
0
0
1
0
0
0
0
1
0
0
0
0
0
4
3
0
1
17
0
28
0
3
2
0
0
10
0
20
7
15
0
0
0
0
0
0
0
0
0
0
0
0
0
0
0
0
0
0
0
0
13
0
0
0
0
0
0
1
81
58
10
35
14
0
14
37
31
17
24
17
38
39
0
0
0
0
44
3
38
9
42
28
60
56
59
5
11
0
0
0
0
0
0
0
0
0
0
0
0
0
0
0
1
5
24
24
10
31
17
0
7
42
10
77
49
14
0
0
0
21
14
0
4
6
0
0
17
25
11
30
8
12
19
26
14
0
0
0
48
31
3
1
0
0
0
0
0
14
11
9
0
0
0
12
14
22
4
35
40
54
40
20
0
0
0
0
28
28
18
42
34
2
3
0
10
32
67
25
9
57
23
0
0
21
39
9
10
2
0
0
42
6
18
0
0
3
44
9
2
13
0
23
17
23
16
15
40
15
10
0
0
0
0
42
17
28
13
14
13
0
0
0
1
19
13
11
0
0
0
0
0
0
0
7
0
10
32
9
64
36
11
21
24
8
6
0
0
0
23
19
0
0
0
0
0
0
0
5
28
12
0
0
0
0
0
0
0
0
0
51
2
6
21
3
0
0
0
0
0
0
0
0
0
0
4
12
6
15
22
0
0
0
0
0
0
0
0
0
0
0
0
0
0
0
0
0
3
2
0
16
0
0
0
0
0
0
0
0
0
0
0
0
18
16
34
14
28
29
0
0
0
0
0
0
0
0
0
0
0
0
0
0
0
0
1
0
1
0
0
15
71
12
38
15
11
3
0
24
45
34
19
120
83
16
28
61
17
19
0
0
0
0
12
0
0
0
0
0
0
0
9
0
0
0
8
0
23
0
0
0
0
0
39
0
0
0
0
0
0
0
65
27
17
33
14
14
0
0
0
0
0
31
58
29
9
4
11
25
12
2
10
23
65
35
11
15
2
2
1
0
1
60
26
0
0
0
0
0
19
2
2
12
38
0
0
0
0
0
2
7
1
21
54
5
21
7
8
18
0
3
25
9
13
0
1
40
10
0
0
21
40
0
0
7
10
3
2
4
2
0
16
17
28
16
22
22
9
7
47
56
60
13
13
13
15
20
0
61
22
13
35
22
8
9
3
22
17
0
0
0
7
19
50
6
19
9
0
0
0
5
39
27
2
9
15
14
15
13
7
14
0
16
55
38
6
62
0
1
13
47
44
39
1
10
5
0
30
0
0
0
0
0
18
0
0
32
7
1
0
4
0
0
1
3
0
3
0
0
0
96
13
22
8
0
0
0
0
0
0
0
0
0
0
0
0
0
0
0
0
0
0
0
0
0
0
0
0
0
1
7
13
0
51
36
18
27
9
66
49
36
20
15
7
0
0
0
0
0
0
0
0
0
0
0
0
0
0
0
0
0
0
0
0
0
0
0
0
0
0
0
0
0
0
0
0
0
0
95
37
71
44
3
10
0
11
38
26
13
22
10
37
1
2
0
3
0
14
18
0
0
0
0
0
0
0
0
0
0
0
0
0
0
0
5
0
15
3
22
51
25
14
3
79
25
9
32
47
4
21
9
87
20
15
15
35
17
23
11
18
44
24
4
0
5
1
120
21
51
0
0
0
0
0
14
47
20
54
4
11
24
28
13
11
14
91
149
41
0
7
2
3
34
26
37
0
15
10
0
0
4
0
0
0
0
0
0
0
0
45
0
3
0
2
16
35
19
24
3
2
1
29
12
7
22
17
10
0
15
23
20
2
3
2
1
1
14
43
26
18
13
20
46
0
0
0
0
0
0
16
24
15
6
4
3
22
2
24
14
0
0
0
137
31
9
27
14
5
0
0
0
0
5
7
12
0
0
0
0
0
0
0
0
0
34
0
24
29
109
0
13
28
44
12
22
7
0
0
0
0
0
0
0
0
0
0
0
0
0
0
0
0
0
0
0
0
0
0
0
0
0
0
0
0
0
0
0
0
0
0
0
0
0
0
0
0
0
0
7
27
38
9
0
0
0
0
0
74
36
14
12
18
44
48
44
20
0
0
0
0
0
0
0
0
0
0
0
0
41
31
0
0
0
0
0
0
0
0
0
0
0
0
0
0
0
0
0
0
0
0
0
0
0
0
24
29
34
25
44
3
37
20
11
16
27
6
42
23
15
34
17
0
0
0
0
0
0
0
0
0
0
0
0
0
0
0
21
7
3
10
9
18
11
0
0
0
0
0
6
0
4
6
20
0
10
68
7
5
0
0
0
0
0
0
0
0
0
0
0
0
0
0
0
3
14
0
0
0
0
0
0
0
0
30
21
0
0
0
7
2
0
12
0
0
0
0
0
0
0
0
0
0
0
47
19
10
0
0
0
0
0
0
0
0
0
0
0
0
0
0
0
0
0
0
0
11
29
12
32
17
70
38
46
63
19
21
30
10
3
3
25
22
1
6
15
0
0
0
0
0
9
0
3
1
26
15
17
25
20
31
25
8
41
23
37
35
54
25
32
0
23
37
27
11
0
0
0
0
0
0
5
4
63
4
24
19
2
29
0
4
0
0
0
0
0
0
0
0
0
43
114
29
51
4
0
0
0
0
0
0
0
0
0
0
14
8
15
28
3
22
35
7
6
0
0
0
0
0
0
0
0
0
0
0
0
0
0
0
0
0
0
0
0
7
29
12
0
27
0
33
2
3
0
2
0
15
6
6
0
0
0
6
0
0
0
7
143
18
65
24
0
24
18
12
18
8
7
8
8
22
11
20
61
3
0
0
13
48
48
171
0
0
0
0
0
3
11
1
0
0
0
0
0
0
73
14
0
0
0
0
0
0
0
0
0
0
0
0
0
0
0
0
0
0
0
0
0
0
0
0
0
0
0
0
0
0
0
0
0
4
0
0
0
0
0
0
0
9
5
8
0
17
17
7
0
0
0
0
0
0
0
0
19
1
66
6
5
68
83
0
1
0
0
0
20
4
16
2
2
33
52
16
20
18
10
21
0
0
0
0
0
0
0
0
0
0
14
7
6
5
9
7
0
0
33
29
0
0
0
0
0
0
0
0
0
0
0
0
0
0
0
0
5
18
25
18
1
33
12
11
16
18
8
13
48
1
0
15
0
78
55
23
6
0
110
80
20
0
0
0
108
0
12
0
34
0
24
5
19
10
27
50
44
46
2
0
0
0
7
12
9
23
11
14
5
9
30
35
35
9
5
9
26
8
64
86
0
0
0
0
0
0
0
0
0
0
0
0
0
0
72
17
33
19
13
34
4
44
0
56
0
0
2
61
18
4
17
4
3
18
5
0
24
15
2
0
67
12
42
29
17
28
141
101
61
0
0
0
0
0
0
0
0
0
0
0
0
0
0
0
0
0
0
48
17
26
8
15
27
25
8
41
34
0
0
0
0
0
0
0
0
0
0
0
0
0
0
0
0
0
0
27
6
0
0
1
156
11
0
24
23
7
7
48
85
12
31
7
0
22
0
0
0
0
4
7
8
10
3
215
224
215
1
6
0
1
59
0
5
0
1
28
10
10
10
15
26
10
5
28
6
0
0
0
0
0
0
0
0
0
0
0
0
0
0
0
0
0
0
0
0
0
0
0
0
0
0
0
0
0
0
0
0
0
0
7
34
17
8
23
22
19
30
16
120
49
30
7
0
0
0
0
49
86
13
47
22
17
2
0
0
0
0
0
0
0
0
0
0
0
0
30
20
5
19
15
5
23
4
24
2
44
25
5
15
12
1
12
5
0
0
28
10
5
44
8
0
74
34
34
52
0
2
39
1
37
15
13
47
0
0
0
0
0
0
0
0
0
0
0
0
0
0
0
15
13
33
67
13
22
11
46
40
58
9
48
15
13
17
17
8
10
22
19
31
22
36
25
78
19
28
17
35
18
38
35
26
0
0
0
18
25
29
14
89
35
25
13
7
0
0
0
0
0
0
0
0
0
0
0
0
0
0
0
0
0
0
0
0
0
0
0
0
0
0
0
0
0
0
0
0
0
0
0
0
0
0
0
0
0
0
0
0
0
0
0
0
0
0
0
0
0
0
0
0
0
0
0
0
0
0
0
0
0
0
0
0
0
0
0
0
0
0
0
0
0
0
0
0
0
0
0
0
0
0
0
0
0
0
0
0
0
0
0
0
0
0
0
0
0
0
0
0
0
0
0
0
0
0
0
0
0
0
0
0
0
0
0
0
0
0
0
0
0
0
0
0
0
0
0
0
0
0
